,0,1,2,3,4,5,6,7,8,9,10
0,0.33291096366432243,0.018096087564770227,-0.09469744932872329,0.1430130343974637,-0.06076939568554168,0.22978275621109612,-0.061407506877150214,0.042483567924887264,-0.0831256481085848,0.08641356256754408,0.4473000276699162
1,0.33291096366432243,0.018096087564770227,-0.09469744932872329,0.1430130343974637,-0.06076939568554168,0.22978275621109612,-0.061407506877150214,0.042483567924887264,-0.0831256481085848,0.08641356256754408,0.4473000276699162
2,0.33291096366432243,0.018096087564770227,-0.09469744932872329,0.1430130343974637,-0.06076939568554168,0.22978275621109612,-0.061407506877150214,0.042483567924887264,-0.0831256481085848,0.08641356256754408,0.4473000276699162
3,0.33291096366432243,0.018096087564770227,-0.09469744932872329,0.1430130343974637,-0.06076939568554168,0.22978275621109612,-0.061407506877150214,0.042483567924887264,-0.0831256481085848,0.08641356256754408,0.4473000276699162
4,0.33291096366432243,0.018096087564770227,-0.09469744932872329,0.1430130343974637,-0.06076939568554168,0.22978275621109612,-0.061407506877150214,0.042483567924887264,-0.0831256481085848,0.08641356256754408,0.4473000276699162
5,0.33291096366432243,0.018096087564770227,-0.09469744932872329,0.1430130343974637,-0.06076939568554168,0.22978275621109612,-0.061407506877150214,0.042483567924887264,-0.0831256481085848,0.08641356256754408,0.4473000276699162
6,0.33291096366432243,0.018096087564770227,-0.09469744932872329,0.1430130343974637,-0.06076939568554168,0.22978275621109612,-0.061407506877150214,0.042483567924887264,-0.0831256481085848,0.08641356256754408,0.4473000276699162
7,0.33291096366432243,0.018096087564770227,-0.09469744932872329,0.1430130343974637,-0.06076939568554168,0.22978275621109612,-0.061407506877150214,0.042483567924887264,-0.0831256481085848,0.08641356256754408,0.4473000276699162
8,0.33291096366432243,0.018096087564770227,-0.09469744932872329,0.1430130343974637,-0.06076939568554168,0.22978275621109612,-0.061407506877150214,0.042483567924887264,-0.0831256481085848,0.08641356256754408,0.4473000276699162
9,0.33291096366432243,0.018096087564770227,-0.09469744932872329,0.1430130343974637,-0.06076939568554168,0.22978275621109612,-0.061407506877150214,0.042483567924887264,-0.0831256481085848,0.08641356256754408,0.4473000276699162
10,0.33291096366432243,0.018096087564770227,-0.09469744932872329,0.1430130343974637,-0.06076939568554168,0.22978275621109612,-0.061407506877150214,0.042483567924887264,-0.0831256481085848,0.08641356256754408,0.4473000276699162
11,0.33291096366432243,0.018096087564770227,-0.09469744932872329,0.1430130343974637,-0.06076939568554168,0.22978275621109612,-0.061407506877150214,0.042483567924887264,-0.0831256481085848,0.08641356256754408,0.4473000276699162
12,0.33291096366432243,0.018096087564770227,-0.09469744932872329,0.1430130343974637,-0.06076939568554168,0.22978275621109612,-0.061407506877150214,0.042483567924887264,-0.0831256481085848,0.08641356256754408,0.4473000276699162
13,0.33291096366432243,0.018096087564770227,-0.09469744932872329,0.1430130343974637,-0.06076939568554168,0.22978275621109612,-0.061407506877150214,0.042483567924887264,-0.0831256481085848,0.08641356256754408,0.4473000276699162
14,0.33291096366432243,0.018096087564770227,-0.09469744932872329,0.1430130343974637,-0.06076939568554168,0.22978275621109612,-0.061407506877150214,0.042483567924887264,-0.0831256481085848,0.08641356256754408,0.4473000276699162
15,0.33291096366432243,0.018096087564770227,-0.09469744932872329,0.1430130343974637,-0.06076939568554168,0.22978275621109612,-0.061407506877150214,0.042483567924887264,-0.0831256481085848,0.08641356256754408,0.4473000276699162
16,0.33291096366432243,0.018096087564770227,-0.09469744932872329,0.1430130343974637,-0.06076939568554168,0.22978275621109612,-0.061407506877150214,0.042483567924887264,-0.0831256481085848,0.08641356256754408,0.4473000276699162
17,0.33291096366432243,0.018096087564770227,-0.09469744932872329,0.1430130343974637,-0.06076939568554168,0.22978275621109612,-0.061407506877150214,0.042483567924887264,-0.0831256481085848,0.08641356256754408,0.4473000276699162
18,0.33291096366432243,0.018096087564770227,-0.09469744932872329,0.1430130343974637,-0.06076939568554168,0.22978275621109612,-0.061407506877150214,0.042483567924887264,-0.0831256481085848,0.08641356256754408,0.4473000276699162
19,0.33291096366432243,0.018096087564770227,-0.09469744932872329,0.1430130343974637,-0.06076939568554168,0.22978275621109612,-0.061407506877150214,0.042483567924887264,-0.0831256481085848,0.08641356256754408,0.4473000276699162
20,0.33291096366432243,0.018096087564770227,-0.09469744932872329,0.1430130343974637,-0.06076939568554168,0.22978275621109612,-0.061407506877150214,0.042483567924887264,-0.0831256481085848,0.08641356256754408,0.4473000276699162
21,0.33291096366432243,0.018096087564770227,-0.09469744932872329,0.1430130343974637,-0.06076939568554168,0.22978275621109612,-0.061407506877150214,0.042483567924887264,-0.0831256481085848,0.08641356256754408,0.4473000276699162
22,0.33291096366432243,0.018096087564770227,-0.09469744932872329,0.1430130343974637,-0.06076939568554168,0.22978275621109612,-0.061407506877150214,0.042483567924887264,-0.0831256481085848,0.08641356256754408,0.4473000276699162
23,0.33291096366432243,0.018096087564770227,-0.09469744932872329,0.1430130343974637,-0.06076939568554168,0.22978275621109612,-0.061407506877150214,0.042483567924887264,-0.0831256481085848,0.08641356256754408,0.4473000276699162
24,0.33291096366432243,0.018096087564770227,-0.09469744932872329,0.1430130343974637,-0.06076939568554168,0.22978275621109612,-0.061407506877150214,0.042483567924887264,-0.0831256481085848,0.08641356256754408,0.4473000276699162
25,0.33291096366432243,0.018096087564770227,-0.09469744932872329,0.1430130343974637,-0.06076939568554168,0.22978275621109612,-0.061407506877150214,0.042483567924887264,-0.0831256481085848,0.08641356256754408,0.4473000276699162
26,0.33291096366432243,0.018096087564770227,-0.09469744932872329,0.1430130343974637,-0.06076939568554168,0.22978275621109612,-0.061407506877150214,0.042483567924887264,-0.0831256481085848,0.08641356256754408,0.4473000276699162
27,0.33291096366432243,0.018096087564770227,-0.09469744932872329,0.1430130343974637,-0.06076939568554168,0.22978275621109612,-0.061407506877150214,0.042483567924887264,-0.0831256481085848,0.08641356256754408,0.4473000276699162
28,0.33291096366432243,0.018096087564770227,-0.09469744932872329,0.1430130343974637,-0.06076939568554168,0.22978275621109612,-0.061407506877150214,0.042483567924887264,-0.0831256481085848,0.08641356256754408,0.4473000276699162
29,0.33291096366432243,0.018096087564770227,-0.09469744932872329,0.1430130343974637,-0.06076939568554168,0.22978275621109612,-0.061407506877150214,0.042483567924887264,-0.0831256481085848,0.08641356256754408,0.4473000276699162
30,0.33291096366432243,0.018096087564770227,-0.09469744932872329,0.1430130343974637,-0.06076939568554168,0.22978275621109612,-0.061407506877150214,0.042483567924887264,-0.0831256481085848,0.08641356256754408,0.4473000276699162
31,0.01603614789533026,0.012479977671116188,0.26683366410427317,0.08736122942682992,0.5323097241860891,0.02063405955876098,0.02176099561661816,0.020997818553966634,0.009813821770343468,0.007070887166252507,0.004701674050419471
32,0.01603614789533026,0.012479977671116188,0.26683366410427317,0.08736122942682992,0.5323097241860891,0.02063405955876098,0.02176099561661816,0.020997818553966634,0.009813821770343468,0.007070887166252507,0.004701674050419471
33,0.01603614789533026,0.012479977671116188,0.26683366410427317,0.08736122942682992,0.5323097241860891,0.02063405955876098,0.02176099561661816,0.020997818553966634,0.009813821770343468,0.007070887166252507,0.004701674050419471
34,0.01603614789533026,0.012479977671116188,0.26683366410427317,0.08736122942682992,0.5323097241860891,0.02063405955876098,0.02176099561661816,0.020997818553966634,0.009813821770343468,0.007070887166252507,0.004701674050419471
35,0.01603614789533026,0.012479977671116188,0.26683366410427317,0.08736122942682992,0.5323097241860891,0.02063405955876098,0.02176099561661816,0.020997818553966634,0.009813821770343468,0.007070887166252507,0.004701674050419471
36,0.01603614789533026,0.012479977671116188,0.26683366410427317,0.08736122942682992,0.5323097241860891,0.02063405955876098,0.02176099561661816,0.020997818553966634,0.009813821770343468,0.007070887166252507,0.004701674050419471
37,0.01603614789533026,0.012479977671116188,0.26683366410427317,0.08736122942682992,0.5323097241860891,0.02063405955876098,0.02176099561661816,0.020997818553966634,0.009813821770343468,0.007070887166252507,0.004701674050419471
38,0.01603614789533026,0.012479977671116188,0.26683366410427317,0.08736122942682992,0.5323097241860891,0.02063405955876098,0.02176099561661816,0.020997818553966634,0.009813821770343468,0.007070887166252507,0.004701674050419471
39,0.01603614789533026,0.012479977671116188,0.26683366410427317,0.08736122942682992,0.5323097241860891,0.02063405955876098,0.02176099561661816,0.020997818553966634,0.009813821770343468,0.007070887166252507,0.004701674050419471
40,0.01603614789533026,0.012479977671116188,0.26683366410427317,0.08736122942682992,0.5323097241860891,0.02063405955876098,0.02176099561661816,0.020997818553966634,0.009813821770343468,0.007070887166252507,0.004701674050419471
41,0.01603614789533026,0.012479977671116188,0.26683366410427317,0.08736122942682992,0.5323097241860891,0.02063405955876098,0.02176099561661816,0.020997818553966634,0.009813821770343468,0.007070887166252507,0.004701674050419471
42,0.01603614789533026,0.012479977671116188,0.26683366410427317,0.08736122942682992,0.5323097241860891,0.02063405955876098,0.02176099561661816,0.020997818553966634,0.009813821770343468,0.007070887166252507,0.004701674050419471
43,0.01603614789533026,0.012479977671116188,0.26683366410427317,0.08736122942682992,0.5323097241860891,0.02063405955876098,0.02176099561661816,0.020997818553966634,0.009813821770343468,0.007070887166252507,0.004701674050419471
44,0.01603614789533026,0.012479977671116188,0.26683366410427317,0.08736122942682992,0.5323097241860891,0.02063405955876098,0.02176099561661816,0.020997818553966634,0.009813821770343468,0.007070887166252507,0.004701674050419471
45,0.01603614789533026,0.012479977671116188,0.26683366410427317,0.08736122942682992,0.5323097241860891,0.02063405955876098,0.02176099561661816,0.020997818553966634,0.009813821770343468,0.007070887166252507,0.004701674050419471
46,0.01603614789533026,0.012479977671116188,0.26683366410427317,0.08736122942682992,0.5323097241860891,0.02063405955876098,0.02176099561661816,0.020997818553966634,0.009813821770343468,0.007070887166252507,0.004701674050419471
47,0.01603614789533026,0.012479977671116188,0.26683366410427317,0.08736122942682992,0.5323097241860891,0.02063405955876098,0.02176099561661816,0.020997818553966634,0.009813821770343468,0.007070887166252507,0.004701674050419471
48,0.01603614789533026,0.012479977671116188,0.26683366410427317,0.08736122942682992,0.5323097241860891,0.02063405955876098,0.02176099561661816,0.020997818553966634,0.009813821770343468,0.007070887166252507,0.004701674050419471
49,0.01603614789533026,0.012479977671116188,0.26683366410427317,0.08736122942682992,0.5323097241860891,0.02063405955876098,0.02176099561661816,0.020997818553966634,0.009813821770343468,0.007070887166252507,0.004701674050419471
50,0.01603614789533026,0.012479977671116188,0.26683366410427317,0.08736122942682992,0.5323097241860891,0.02063405955876098,0.02176099561661816,0.020997818553966634,0.009813821770343468,0.007070887166252507,0.004701674050419471
51,0.01603614789533026,0.012479977671116188,0.26683366410427317,0.08736122942682992,0.5323097241860891,0.02063405955876098,0.02176099561661816,0.020997818553966634,0.009813821770343468,0.007070887166252507,0.004701674050419471
52,0.01603614789533026,0.012479977671116188,0.26683366410427317,0.08736122942682992,0.5323097241860891,0.02063405955876098,0.02176099561661816,0.020997818553966634,0.009813821770343468,0.007070887166252507,0.004701674050419471
53,0.01603614789533026,0.012479977671116188,0.26683366410427317,0.08736122942682992,0.5323097241860891,0.02063405955876098,0.02176099561661816,0.020997818553966634,0.009813821770343468,0.007070887166252507,0.004701674050419471
54,0.01603614789533026,0.012479977671116188,0.26683366410427317,0.08736122942682992,0.5323097241860891,0.02063405955876098,0.02176099561661816,0.020997818553966634,0.009813821770343468,0.007070887166252507,0.004701674050419471
55,0.01603614789533026,0.012479977671116188,0.26683366410427317,0.08736122942682992,0.5323097241860891,0.02063405955876098,0.02176099561661816,0.020997818553966634,0.009813821770343468,0.007070887166252507,0.004701674050419471
56,0.01603614789533026,0.012479977671116188,0.26683366410427317,0.08736122942682992,0.5323097241860891,0.02063405955876098,0.02176099561661816,0.020997818553966634,0.009813821770343468,0.007070887166252507,0.004701674050419471
57,0.01603614789533026,0.012479977671116188,0.26683366410427317,0.08736122942682992,0.5323097241860891,0.02063405955876098,0.02176099561661816,0.020997818553966634,0.009813821770343468,0.007070887166252507,0.004701674050419471
58,0.01603614789533026,0.012479977671116188,0.26683366410427317,0.08736122942682992,0.5323097241860891,0.02063405955876098,0.02176099561661816,0.020997818553966634,0.009813821770343468,0.007070887166252507,0.004701674050419471
59,0.05177639009513567,0.059907017605517886,0.1625666888752766,0.021567934568202805,0.05070541934751828,0.1970909971470616,0.025199353143372554,0.34196718404147763,0.018644128642935076,0.023966256680937183,0.04660862985256484
60,0.05177639009513567,0.059907017605517886,0.1625666888752766,0.021567934568202805,0.05070541934751828,0.1970909971470616,0.025199353143372554,0.34196718404147763,0.018644128642935076,0.023966256680937183,0.04660862985256484
61,0.05177639009513567,0.059907017605517886,0.1625666888752766,0.021567934568202805,0.05070541934751828,0.1970909971470616,0.025199353143372554,0.34196718404147763,0.018644128642935076,0.023966256680937183,0.04660862985256484
62,0.05177639009513567,0.059907017605517886,0.1625666888752766,0.021567934568202805,0.05070541934751828,0.1970909971470616,0.025199353143372554,0.34196718404147763,0.018644128642935076,0.023966256680937183,0.04660862985256484
63,0.05177639009513567,0.059907017605517886,0.1625666888752766,0.021567934568202805,0.05070541934751828,0.1970909971470616,0.025199353143372554,0.34196718404147763,0.018644128642935076,0.023966256680937183,0.04660862985256484
64,0.05177639009513567,0.059907017605517886,0.1625666888752766,0.021567934568202805,0.05070541934751828,0.1970909971470616,0.025199353143372554,0.34196718404147763,0.018644128642935076,0.023966256680937183,0.04660862985256484
65,0.05177639009513567,0.059907017605517886,0.1625666888752766,0.021567934568202805,0.05070541934751828,0.1970909971470616,0.025199353143372554,0.34196718404147763,0.018644128642935076,0.023966256680937183,0.04660862985256484
66,0.05177639009513567,0.059907017605517886,0.1625666888752766,0.021567934568202805,0.05070541934751828,0.1970909971470616,0.025199353143372554,0.34196718404147763,0.018644128642935076,0.023966256680937183,0.04660862985256484
67,0.05177639009513567,0.059907017605517886,0.1625666888752766,0.021567934568202805,0.05070541934751828,0.1970909971470616,0.025199353143372554,0.34196718404147763,0.018644128642935076,0.023966256680937183,0.04660862985256484
68,0.05177639009513567,0.059907017605517886,0.1625666888752766,0.021567934568202805,0.05070541934751828,0.1970909971470616,0.025199353143372554,0.34196718404147763,0.018644128642935076,0.023966256680937183,0.04660862985256484
69,0.05177639009513567,0.059907017605517886,0.1625666888752766,0.021567934568202805,0.05070541934751828,0.1970909971470616,0.025199353143372554,0.34196718404147763,0.018644128642935076,0.023966256680937183,0.04660862985256484
70,0.05177639009513567,0.059907017605517886,0.1625666888752766,0.021567934568202805,0.05070541934751828,0.1970909971470616,0.025199353143372554,0.34196718404147763,0.018644128642935076,0.023966256680937183,0.04660862985256484
71,0.05177639009513567,0.059907017605517886,0.1625666888752766,0.021567934568202805,0.05070541934751828,0.1970909971470616,0.025199353143372554,0.34196718404147763,0.018644128642935076,0.023966256680937183,0.04660862985256484
72,0.05177639009513567,0.059907017605517886,0.1625666888752766,0.021567934568202805,0.05070541934751828,0.1970909971470616,0.025199353143372554,0.34196718404147763,0.018644128642935076,0.023966256680937183,0.04660862985256484
73,0.05177639009513567,0.059907017605517886,0.1625666888752766,0.021567934568202805,0.05070541934751828,0.1970909971470616,0.025199353143372554,0.34196718404147763,0.018644128642935076,0.023966256680937183,0.04660862985256484
74,0.05177639009513567,0.059907017605517886,0.1625666888752766,0.021567934568202805,0.05070541934751828,0.1970909971470616,0.025199353143372554,0.34196718404147763,0.018644128642935076,0.023966256680937183,0.04660862985256484
75,0.05177639009513567,0.059907017605517886,0.1625666888752766,0.021567934568202805,0.05070541934751828,0.1970909971470616,0.025199353143372554,0.34196718404147763,0.018644128642935076,0.023966256680937183,0.04660862985256484
76,0.05177639009513567,0.059907017605517886,0.1625666888752766,0.021567934568202805,0.05070541934751828,0.1970909971470616,0.025199353143372554,0.34196718404147763,0.018644128642935076,0.023966256680937183,0.04660862985256484
77,0.05177639009513567,0.059907017605517886,0.1625666888752766,0.021567934568202805,0.05070541934751828,0.1970909971470616,0.025199353143372554,0.34196718404147763,0.018644128642935076,0.023966256680937183,0.04660862985256484
78,0.05177639009513567,0.059907017605517886,0.1625666888752766,0.021567934568202805,0.05070541934751828,0.1970909971470616,0.025199353143372554,0.34196718404147763,0.018644128642935076,0.023966256680937183,0.04660862985256484
79,0.05177639009513567,0.059907017605517886,0.1625666888752766,0.021567934568202805,0.05070541934751828,0.1970909971470616,0.025199353143372554,0.34196718404147763,0.018644128642935076,0.023966256680937183,0.04660862985256484
80,0.05177639009513567,0.059907017605517886,0.1625666888752766,0.021567934568202805,0.05070541934751828,0.1970909971470616,0.025199353143372554,0.34196718404147763,0.018644128642935076,0.023966256680937183,0.04660862985256484
81,0.05177639009513567,0.059907017605517886,0.1625666888752766,0.021567934568202805,0.05070541934751828,0.1970909971470616,0.025199353143372554,0.34196718404147763,0.018644128642935076,0.023966256680937183,0.04660862985256484
82,0.05177639009513567,0.059907017605517886,0.1625666888752766,0.021567934568202805,0.05070541934751828,0.1970909971470616,0.025199353143372554,0.34196718404147763,0.018644128642935076,0.023966256680937183,0.04660862985256484
83,0.05177639009513567,0.059907017605517886,0.1625666888752766,0.021567934568202805,0.05070541934751828,0.1970909971470616,0.025199353143372554,0.34196718404147763,0.018644128642935076,0.023966256680937183,0.04660862985256484
84,0.05177639009513567,0.059907017605517886,0.1625666888752766,0.021567934568202805,0.05070541934751828,0.1970909971470616,0.025199353143372554,0.34196718404147763,0.018644128642935076,0.023966256680937183,0.04660862985256484
85,0.05177639009513567,0.059907017605517886,0.1625666888752766,0.021567934568202805,0.05070541934751828,0.1970909971470616,0.025199353143372554,0.34196718404147763,0.018644128642935076,0.023966256680937183,0.04660862985256484
86,0.05177639009513567,0.059907017605517886,0.1625666888752766,0.021567934568202805,0.05070541934751828,0.1970909971470616,0.025199353143372554,0.34196718404147763,0.018644128642935076,0.023966256680937183,0.04660862985256484
87,0.05177639009513567,0.059907017605517886,0.1625666888752766,0.021567934568202805,0.05070541934751828,0.1970909971470616,0.025199353143372554,0.34196718404147763,0.018644128642935076,0.023966256680937183,0.04660862985256484
88,0.05177639009513567,0.059907017605517886,0.1625666888752766,0.021567934568202805,0.05070541934751828,0.1970909971470616,0.025199353143372554,0.34196718404147763,0.018644128642935076,0.023966256680937183,0.04660862985256484
89,0.05177639009513567,0.059907017605517886,0.1625666888752766,0.021567934568202805,0.05070541934751828,0.1970909971470616,0.025199353143372554,0.34196718404147763,0.018644128642935076,0.023966256680937183,0.04660862985256484
90,0.019308327914309878,0.016672808933194335,0.8947151770565365,0.06806382353157668,0.008837866392078945,0.014622338788906048,0.012923453115751264,0.011031631271064048,0.01858206922509044,-0.048164979511455985,-0.016592516717052176
91,0.019308327914309878,0.016672808933194335,0.8947151770565365,0.06806382353157668,0.008837866392078945,0.014622338788906048,0.012923453115751264,0.011031631271064048,0.01858206922509044,-0.048164979511455985,-0.016592516717052176
92,0.019308327914309878,0.016672808933194335,0.8947151770565365,0.06806382353157668,0.008837866392078945,0.014622338788906048,0.012923453115751264,0.011031631271064048,0.01858206922509044,-0.048164979511455985,-0.016592516717052176
93,0.019308327914309878,0.016672808933194335,0.8947151770565365,0.06806382353157668,0.008837866392078945,0.014622338788906048,0.012923453115751264,0.011031631271064048,0.01858206922509044,-0.048164979511455985,-0.016592516717052176
94,0.019308327914309878,0.016672808933194335,0.8947151770565365,0.06806382353157668,0.008837866392078945,0.014622338788906048,0.012923453115751264,0.011031631271064048,0.01858206922509044,-0.048164979511455985,-0.016592516717052176
95,0.019308327914309878,0.016672808933194335,0.8947151770565365,0.06806382353157668,0.008837866392078945,0.014622338788906048,0.012923453115751264,0.011031631271064048,0.01858206922509044,-0.048164979511455985,-0.016592516717052176
96,0.019308327914309878,0.016672808933194335,0.8947151770565365,0.06806382353157668,0.008837866392078945,0.014622338788906048,0.012923453115751264,0.011031631271064048,0.01858206922509044,-0.048164979511455985,-0.016592516717052176
97,0.019308327914309878,0.016672808933194335,0.8947151770565365,0.06806382353157668,0.008837866392078945,0.014622338788906048,0.012923453115751264,0.011031631271064048,0.01858206922509044,-0.048164979511455985,-0.016592516717052176
98,0.019308327914309878,0.016672808933194335,0.8947151770565365,0.06806382353157668,0.008837866392078945,0.014622338788906048,0.012923453115751264,0.011031631271064048,0.01858206922509044,-0.048164979511455985,-0.016592516717052176
99,0.019308327914309878,0.016672808933194335,0.8947151770565365,0.06806382353157668,0.008837866392078945,0.014622338788906048,0.012923453115751264,0.011031631271064048,0.01858206922509044,-0.048164979511455985,-0.016592516717052176
100,0.019308327914309878,0.016672808933194335,0.8947151770565365,0.06806382353157668,0.008837866392078945,0.014622338788906048,0.012923453115751264,0.011031631271064048,0.01858206922509044,-0.048164979511455985,-0.016592516717052176
101,0.019308327914309878,0.016672808933194335,0.8947151770565365,0.06806382353157668,0.008837866392078945,0.014622338788906048,0.012923453115751264,0.011031631271064048,0.01858206922509044,-0.048164979511455985,-0.016592516717052176
102,0.019308327914309878,0.016672808933194335,0.8947151770565365,0.06806382353157668,0.008837866392078945,0.014622338788906048,0.012923453115751264,0.011031631271064048,0.01858206922509044,-0.048164979511455985,-0.016592516717052176
103,0.019308327914309878,0.016672808933194335,0.8947151770565365,0.06806382353157668,0.008837866392078945,0.014622338788906048,0.012923453115751264,0.011031631271064048,0.01858206922509044,-0.048164979511455985,-0.016592516717052176
104,0.019308327914309878,0.016672808933194335,0.8947151770565365,0.06806382353157668,0.008837866392078945,0.014622338788906048,0.012923453115751264,0.011031631271064048,0.01858206922509044,-0.048164979511455985,-0.016592516717052176
105,0.019308327914309878,0.016672808933194335,0.8947151770565365,0.06806382353157668,0.008837866392078945,0.014622338788906048,0.012923453115751264,0.011031631271064048,0.01858206922509044,-0.048164979511455985,-0.016592516717052176
106,0.019308327914309878,0.016672808933194335,0.8947151770565365,0.06806382353157668,0.008837866392078945,0.014622338788906048,0.012923453115751264,0.011031631271064048,0.01858206922509044,-0.048164979511455985,-0.016592516717052176
107,0.019308327914309878,0.016672808933194335,0.8947151770565365,0.06806382353157668,0.008837866392078945,0.014622338788906048,0.012923453115751264,0.011031631271064048,0.01858206922509044,-0.048164979511455985,-0.016592516717052176
108,0.019308327914309878,0.016672808933194335,0.8947151770565365,0.06806382353157668,0.008837866392078945,0.014622338788906048,0.012923453115751264,0.011031631271064048,0.01858206922509044,-0.048164979511455985,-0.016592516717052176
109,0.019308327914309878,0.016672808933194335,0.8947151770565365,0.06806382353157668,0.008837866392078945,0.014622338788906048,0.012923453115751264,0.011031631271064048,0.01858206922509044,-0.048164979511455985,-0.016592516717052176
110,0.019308327914309878,0.016672808933194335,0.8947151770565365,0.06806382353157668,0.008837866392078945,0.014622338788906048,0.012923453115751264,0.011031631271064048,0.01858206922509044,-0.048164979511455985,-0.016592516717052176
111,0.019308327914309878,0.016672808933194335,0.8947151770565365,0.06806382353157668,0.008837866392078945,0.014622338788906048,0.012923453115751264,0.011031631271064048,0.01858206922509044,-0.048164979511455985,-0.016592516717052176
112,0.019308327914309878,0.016672808933194335,0.8947151770565365,0.06806382353157668,0.008837866392078945,0.014622338788906048,0.012923453115751264,0.011031631271064048,0.01858206922509044,-0.048164979511455985,-0.016592516717052176
113,0.019308327914309878,0.016672808933194335,0.8947151770565365,0.06806382353157668,0.008837866392078945,0.014622338788906048,0.012923453115751264,0.011031631271064048,0.01858206922509044,-0.048164979511455985,-0.016592516717052176
114,0.019308327914309878,0.016672808933194335,0.8947151770565365,0.06806382353157668,0.008837866392078945,0.014622338788906048,0.012923453115751264,0.011031631271064048,0.01858206922509044,-0.048164979511455985,-0.016592516717052176
115,0.019308327914309878,0.016672808933194335,0.8947151770565365,0.06806382353157668,0.008837866392078945,0.014622338788906048,0.012923453115751264,0.011031631271064048,0.01858206922509044,-0.048164979511455985,-0.016592516717052176
116,0.019308327914309878,0.016672808933194335,0.8947151770565365,0.06806382353157668,0.008837866392078945,0.014622338788906048,0.012923453115751264,0.011031631271064048,0.01858206922509044,-0.048164979511455985,-0.016592516717052176
117,0.019308327914309878,0.016672808933194335,0.8947151770565365,0.06806382353157668,0.008837866392078945,0.014622338788906048,0.012923453115751264,0.011031631271064048,0.01858206922509044,-0.048164979511455985,-0.016592516717052176
118,0.019308327914309878,0.016672808933194335,0.8947151770565365,0.06806382353157668,0.008837866392078945,0.014622338788906048,0.012923453115751264,0.011031631271064048,0.01858206922509044,-0.048164979511455985,-0.016592516717052176
119,0.019308327914309878,0.016672808933194335,0.8947151770565365,0.06806382353157668,0.008837866392078945,0.014622338788906048,0.012923453115751264,0.011031631271064048,0.01858206922509044,-0.048164979511455985,-0.016592516717052176
120,0.06461532459217184,0.2828959921851079,-0.11457325766987687,0.09954709868801134,-0.08371718081935453,-0.10170956151076867,0.3735565644808579,0.0782708296992866,0.15987727940388982,0.07407679752855206,0.1671601134221226
121,0.06461532459217184,0.2828959921851079,-0.11457325766987687,0.09954709868801134,-0.08371718081935453,-0.10170956151076867,0.3735565644808579,0.0782708296992866,0.15987727940388982,0.07407679752855206,0.1671601134221226
122,0.06461532459217184,0.2828959921851079,-0.11457325766987687,0.09954709868801134,-0.08371718081935453,-0.10170956151076867,0.3735565644808579,0.0782708296992866,0.15987727940388982,0.07407679752855206,0.1671601134221226
123,0.06461532459217184,0.2828959921851079,-0.11457325766987687,0.09954709868801134,-0.08371718081935453,-0.10170956151076867,0.3735565644808579,0.0782708296992866,0.15987727940388982,0.07407679752855206,0.1671601134221226
124,0.06461532459217184,0.2828959921851079,-0.11457325766987687,0.09954709868801134,-0.08371718081935453,-0.10170956151076867,0.3735565644808579,0.0782708296992866,0.15987727940388982,0.07407679752855206,0.1671601134221226
125,0.06461532459217184,0.2828959921851079,-0.11457325766987687,0.09954709868801134,-0.08371718081935453,-0.10170956151076867,0.3735565644808579,0.0782708296992866,0.15987727940388982,0.07407679752855206,0.1671601134221226
126,0.06461532459217184,0.2828959921851079,-0.11457325766987687,0.09954709868801134,-0.08371718081935453,-0.10170956151076867,0.3735565644808579,0.0782708296992866,0.15987727940388982,0.07407679752855206,0.1671601134221226
127,0.06461532459217184,0.2828959921851079,-0.11457325766987687,0.09954709868801134,-0.08371718081935453,-0.10170956151076867,0.3735565644808579,0.0782708296992866,0.15987727940388982,0.07407679752855206,0.1671601134221226
128,0.06461532459217184,0.2828959921851079,-0.11457325766987687,0.09954709868801134,-0.08371718081935453,-0.10170956151076867,0.3735565644808579,0.0782708296992866,0.15987727940388982,0.07407679752855206,0.1671601134221226
129,0.06461532459217184,0.2828959921851079,-0.11457325766987687,0.09954709868801134,-0.08371718081935453,-0.10170956151076867,0.3735565644808579,0.0782708296992866,0.15987727940388982,0.07407679752855206,0.1671601134221226
130,0.06461532459217184,0.2828959921851079,-0.11457325766987687,0.09954709868801134,-0.08371718081935453,-0.10170956151076867,0.3735565644808579,0.0782708296992866,0.15987727940388982,0.07407679752855206,0.1671601134221226
131,0.06461532459217184,0.2828959921851079,-0.11457325766987687,0.09954709868801134,-0.08371718081935453,-0.10170956151076867,0.3735565644808579,0.0782708296992866,0.15987727940388982,0.07407679752855206,0.1671601134221226
132,0.06461532459217184,0.2828959921851079,-0.11457325766987687,0.09954709868801134,-0.08371718081935453,-0.10170956151076867,0.3735565644808579,0.0782708296992866,0.15987727940388982,0.07407679752855206,0.1671601134221226
133,0.06461532459217184,0.2828959921851079,-0.11457325766987687,0.09954709868801134,-0.08371718081935453,-0.10170956151076867,0.3735565644808579,0.0782708296992866,0.15987727940388982,0.07407679752855206,0.1671601134221226
134,0.06461532459217184,0.2828959921851079,-0.11457325766987687,0.09954709868801134,-0.08371718081935453,-0.10170956151076867,0.3735565644808579,0.0782708296992866,0.15987727940388982,0.07407679752855206,0.1671601134221226
135,0.06461532459217184,0.2828959921851079,-0.11457325766987687,0.09954709868801134,-0.08371718081935453,-0.10170956151076867,0.3735565644808579,0.0782708296992866,0.15987727940388982,0.07407679752855206,0.1671601134221226
136,0.06461532459217184,0.2828959921851079,-0.11457325766987687,0.09954709868801134,-0.08371718081935453,-0.10170956151076867,0.3735565644808579,0.0782708296992866,0.15987727940388982,0.07407679752855206,0.1671601134221226
137,0.06461532459217184,0.2828959921851079,-0.11457325766987687,0.09954709868801134,-0.08371718081935453,-0.10170956151076867,0.3735565644808579,0.0782708296992866,0.15987727940388982,0.07407679752855206,0.1671601134221226
138,0.06461532459217184,0.2828959921851079,-0.11457325766987687,0.09954709868801134,-0.08371718081935453,-0.10170956151076867,0.3735565644808579,0.0782708296992866,0.15987727940388982,0.07407679752855206,0.1671601134221226
139,0.06461532459217184,0.2828959921851079,-0.11457325766987687,0.09954709868801134,-0.08371718081935453,-0.10170956151076867,0.3735565644808579,0.0782708296992866,0.15987727940388982,0.07407679752855206,0.1671601134221226
140,0.06461532459217184,0.2828959921851079,-0.11457325766987687,0.09954709868801134,-0.08371718081935453,-0.10170956151076867,0.3735565644808579,0.0782708296992866,0.15987727940388982,0.07407679752855206,0.1671601134221226
141,0.06461532459217184,0.2828959921851079,-0.11457325766987687,0.09954709868801134,-0.08371718081935453,-0.10170956151076867,0.3735565644808579,0.0782708296992866,0.15987727940388982,0.07407679752855206,0.1671601134221226
142,0.06461532459217184,0.2828959921851079,-0.11457325766987687,0.09954709868801134,-0.08371718081935453,-0.10170956151076867,0.3735565644808579,0.0782708296992866,0.15987727940388982,0.07407679752855206,0.1671601134221226
143,0.06461532459217184,0.2828959921851079,-0.11457325766987687,0.09954709868801134,-0.08371718081935453,-0.10170956151076867,0.3735565644808579,0.0782708296992866,0.15987727940388982,0.07407679752855206,0.1671601134221226
144,0.06461532459217184,0.2828959921851079,-0.11457325766987687,0.09954709868801134,-0.08371718081935453,-0.10170956151076867,0.3735565644808579,0.0782708296992866,0.15987727940388982,0.07407679752855206,0.1671601134221226
145,0.06461532459217184,0.2828959921851079,-0.11457325766987687,0.09954709868801134,-0.08371718081935453,-0.10170956151076867,0.3735565644808579,0.0782708296992866,0.15987727940388982,0.07407679752855206,0.1671601134221226
146,0.06461532459217184,0.2828959921851079,-0.11457325766987687,0.09954709868801134,-0.08371718081935453,-0.10170956151076867,0.3735565644808579,0.0782708296992866,0.15987727940388982,0.07407679752855206,0.1671601134221226
147,0.06461532459217184,0.2828959921851079,-0.11457325766987687,0.09954709868801134,-0.08371718081935453,-0.10170956151076867,0.3735565644808579,0.0782708296992866,0.15987727940388982,0.07407679752855206,0.1671601134221226
148,0.06461532459217184,0.2828959921851079,-0.11457325766987687,0.09954709868801134,-0.08371718081935453,-0.10170956151076867,0.3735565644808579,0.0782708296992866,0.15987727940388982,0.07407679752855206,0.1671601134221226
149,0.06461532459217184,0.2828959921851079,-0.11457325766987687,0.09954709868801134,-0.08371718081935453,-0.10170956151076867,0.3735565644808579,0.0782708296992866,0.15987727940388982,0.07407679752855206,0.1671601134221226
150,0.06461532459217184,0.2828959921851079,-0.11457325766987687,0.09954709868801134,-0.08371718081935453,-0.10170956151076867,0.3735565644808579,0.0782708296992866,0.15987727940388982,0.07407679752855206,0.1671601134221226
151,-0.09615121124386052,-0.08394858065381819,-0.004483981514690885,-0.08779325282605133,0.02465784416385281,0.08077972811825945,0.04727351192660082,-0.027622973761579104,0.7958756775082275,0.12394250971095953,0.22747072857210002
152,-0.09615121124386052,-0.08394858065381819,-0.004483981514690885,-0.08779325282605133,0.02465784416385281,0.08077972811825945,0.04727351192660082,-0.027622973761579104,0.7958756775082275,0.12394250971095953,0.22747072857210002
153,-0.09615121124386052,-0.08394858065381819,-0.004483981514690885,-0.08779325282605133,0.02465784416385281,0.08077972811825945,0.04727351192660082,-0.027622973761579104,0.7958756775082275,0.12394250971095953,0.22747072857210002
154,-0.09615121124386052,-0.08394858065381819,-0.004483981514690885,-0.08779325282605133,0.02465784416385281,0.08077972811825945,0.04727351192660082,-0.027622973761579104,0.7958756775082275,0.12394250971095953,0.22747072857210002
155,-0.09615121124386052,-0.08394858065381819,-0.004483981514690885,-0.08779325282605133,0.02465784416385281,0.08077972811825945,0.04727351192660082,-0.027622973761579104,0.7958756775082275,0.12394250971095953,0.22747072857210002
156,-0.09615121124386052,-0.08394858065381819,-0.004483981514690885,-0.08779325282605133,0.02465784416385281,0.08077972811825945,0.04727351192660082,-0.027622973761579104,0.7958756775082275,0.12394250971095953,0.22747072857210002
157,-0.09615121124386052,-0.08394858065381819,-0.004483981514690885,-0.08779325282605133,0.02465784416385281,0.08077972811825945,0.04727351192660082,-0.027622973761579104,0.7958756775082275,0.12394250971095953,0.22747072857210002
158,-0.09615121124386052,-0.08394858065381819,-0.004483981514690885,-0.08779325282605133,0.02465784416385281,0.08077972811825945,0.04727351192660082,-0.027622973761579104,0.7958756775082275,0.12394250971095953,0.22747072857210002
159,-0.09615121124386052,-0.08394858065381819,-0.004483981514690885,-0.08779325282605133,0.02465784416385281,0.08077972811825945,0.04727351192660082,-0.027622973761579104,0.7958756775082275,0.12394250971095953,0.22747072857210002
160,-0.09615121124386052,-0.08394858065381819,-0.004483981514690885,-0.08779325282605133,0.02465784416385281,0.08077972811825945,0.04727351192660082,-0.027622973761579104,0.7958756775082275,0.12394250971095953,0.22747072857210002
161,-0.09615121124386052,-0.08394858065381819,-0.004483981514690885,-0.08779325282605133,0.02465784416385281,0.08077972811825945,0.04727351192660082,-0.027622973761579104,0.7958756775082275,0.12394250971095953,0.22747072857210002
162,-0.09615121124386052,-0.08394858065381819,-0.004483981514690885,-0.08779325282605133,0.02465784416385281,0.08077972811825945,0.04727351192660082,-0.027622973761579104,0.7958756775082275,0.12394250971095953,0.22747072857210002
163,-0.09615121124386052,-0.08394858065381819,-0.004483981514690885,-0.08779325282605133,0.02465784416385281,0.08077972811825945,0.04727351192660082,-0.027622973761579104,0.7958756775082275,0.12394250971095953,0.22747072857210002
164,-0.09615121124386052,-0.08394858065381819,-0.004483981514690885,-0.08779325282605133,0.02465784416385281,0.08077972811825945,0.04727351192660082,-0.027622973761579104,0.7958756775082275,0.12394250971095953,0.22747072857210002
165,-0.09615121124386052,-0.08394858065381819,-0.004483981514690885,-0.08779325282605133,0.02465784416385281,0.08077972811825945,0.04727351192660082,-0.027622973761579104,0.7958756775082275,0.12394250971095953,0.22747072857210002
166,-0.09615121124386052,-0.08394858065381819,-0.004483981514690885,-0.08779325282605133,0.02465784416385281,0.08077972811825945,0.04727351192660082,-0.027622973761579104,0.7958756775082275,0.12394250971095953,0.22747072857210002
167,-0.09615121124386052,-0.08394858065381819,-0.004483981514690885,-0.08779325282605133,0.02465784416385281,0.08077972811825945,0.04727351192660082,-0.027622973761579104,0.7958756775082275,0.12394250971095953,0.22747072857210002
168,-0.09615121124386052,-0.08394858065381819,-0.004483981514690885,-0.08779325282605133,0.02465784416385281,0.08077972811825945,0.04727351192660082,-0.027622973761579104,0.7958756775082275,0.12394250971095953,0.22747072857210002
169,-0.09615121124386052,-0.08394858065381819,-0.004483981514690885,-0.08779325282605133,0.02465784416385281,0.08077972811825945,0.04727351192660082,-0.027622973761579104,0.7958756775082275,0.12394250971095953,0.22747072857210002
170,-0.09615121124386052,-0.08394858065381819,-0.004483981514690885,-0.08779325282605133,0.02465784416385281,0.08077972811825945,0.04727351192660082,-0.027622973761579104,0.7958756775082275,0.12394250971095953,0.22747072857210002
171,-0.09615121124386052,-0.08394858065381819,-0.004483981514690885,-0.08779325282605133,0.02465784416385281,0.08077972811825945,0.04727351192660082,-0.027622973761579104,0.7958756775082275,0.12394250971095953,0.22747072857210002
172,-0.09615121124386052,-0.08394858065381819,-0.004483981514690885,-0.08779325282605133,0.02465784416385281,0.08077972811825945,0.04727351192660082,-0.027622973761579104,0.7958756775082275,0.12394250971095953,0.22747072857210002
173,-0.09615121124386052,-0.08394858065381819,-0.004483981514690885,-0.08779325282605133,0.02465784416385281,0.08077972811825945,0.04727351192660082,-0.027622973761579104,0.7958756775082275,0.12394250971095953,0.22747072857210002
174,-0.09615121124386052,-0.08394858065381819,-0.004483981514690885,-0.08779325282605133,0.02465784416385281,0.08077972811825945,0.04727351192660082,-0.027622973761579104,0.7958756775082275,0.12394250971095953,0.22747072857210002
175,-0.09615121124386052,-0.08394858065381819,-0.004483981514690885,-0.08779325282605133,0.02465784416385281,0.08077972811825945,0.04727351192660082,-0.027622973761579104,0.7958756775082275,0.12394250971095953,0.22747072857210002
176,-0.09615121124386052,-0.08394858065381819,-0.004483981514690885,-0.08779325282605133,0.02465784416385281,0.08077972811825945,0.04727351192660082,-0.027622973761579104,0.7958756775082275,0.12394250971095953,0.22747072857210002
177,-0.09615121124386052,-0.08394858065381819,-0.004483981514690885,-0.08779325282605133,0.02465784416385281,0.08077972811825945,0.04727351192660082,-0.027622973761579104,0.7958756775082275,0.12394250971095953,0.22747072857210002
178,-0.09615121124386052,-0.08394858065381819,-0.004483981514690885,-0.08779325282605133,0.02465784416385281,0.08077972811825945,0.04727351192660082,-0.027622973761579104,0.7958756775082275,0.12394250971095953,0.22747072857210002
179,-0.09615121124386052,-0.08394858065381819,-0.004483981514690885,-0.08779325282605133,0.02465784416385281,0.08077972811825945,0.04727351192660082,-0.027622973761579104,0.7958756775082275,0.12394250971095953,0.22747072857210002
180,-0.09615121124386052,-0.08394858065381819,-0.004483981514690885,-0.08779325282605133,0.02465784416385281,0.08077972811825945,0.04727351192660082,-0.027622973761579104,0.7958756775082275,0.12394250971095953,0.22747072857210002
181,0.10095720039632984,0.1336447438766551,0.15240195825087752,0.18617900259174386,0.0919464093916667,0.13377902719865514,0.0983674807782806,-0.3,0.1482930714582163,0.13322148276572388,0.12120962329185114
182,0.10095720039632984,0.1336447438766551,0.15240195825087752,0.18617900259174386,0.0919464093916667,0.13377902719865514,0.0983674807782806,-0.3,0.1482930714582163,0.13322148276572388,0.12120962329185114
183,0.10095720039632984,0.1336447438766551,0.15240195825087752,0.18617900259174386,0.0919464093916667,0.13377902719865514,0.0983674807782806,-0.3,0.1482930714582163,0.13322148276572388,0.12120962329185114
184,0.10095720039632984,0.1336447438766551,0.15240195825087752,0.18617900259174386,0.0919464093916667,0.13377902719865514,0.0983674807782806,-0.3,0.1482930714582163,0.13322148276572388,0.12120962329185114
185,0.10095720039632984,0.1336447438766551,0.15240195825087752,0.18617900259174386,0.0919464093916667,0.13377902719865514,0.0983674807782806,-0.3,0.1482930714582163,0.13322148276572388,0.12120962329185114
186,0.10095720039632984,0.1336447438766551,0.15240195825087752,0.18617900259174386,0.0919464093916667,0.13377902719865514,0.0983674807782806,-0.3,0.1482930714582163,0.13322148276572388,0.12120962329185114
187,0.10095720039632984,0.1336447438766551,0.15240195825087752,0.18617900259174386,0.0919464093916667,0.13377902719865514,0.0983674807782806,-0.3,0.1482930714582163,0.13322148276572388,0.12120962329185114
188,0.10095720039632984,0.1336447438766551,0.15240195825087752,0.18617900259174386,0.0919464093916667,0.13377902719865514,0.0983674807782806,-0.3,0.1482930714582163,0.13322148276572388,0.12120962329185114
189,0.10095720039632984,0.1336447438766551,0.15240195825087752,0.18617900259174386,0.0919464093916667,0.13377902719865514,0.0983674807782806,-0.3,0.1482930714582163,0.13322148276572388,0.12120962329185114
190,0.10095720039632984,0.1336447438766551,0.15240195825087752,0.18617900259174386,0.0919464093916667,0.13377902719865514,0.0983674807782806,-0.3,0.1482930714582163,0.13322148276572388,0.12120962329185114
191,0.10095720039632984,0.1336447438766551,0.15240195825087752,0.18617900259174386,0.0919464093916667,0.13377902719865514,0.0983674807782806,-0.3,0.1482930714582163,0.13322148276572388,0.12120962329185114
192,0.10095720039632984,0.1336447438766551,0.15240195825087752,0.18617900259174386,0.0919464093916667,0.13377902719865514,0.0983674807782806,-0.3,0.1482930714582163,0.13322148276572388,0.12120962329185114
193,0.10095720039632984,0.1336447438766551,0.15240195825087752,0.18617900259174386,0.0919464093916667,0.13377902719865514,0.0983674807782806,-0.3,0.1482930714582163,0.13322148276572388,0.12120962329185114
194,0.10095720039632984,0.1336447438766551,0.15240195825087752,0.18617900259174386,0.0919464093916667,0.13377902719865514,0.0983674807782806,-0.3,0.1482930714582163,0.13322148276572388,0.12120962329185114
195,0.10095720039632984,0.1336447438766551,0.15240195825087752,0.18617900259174386,0.0919464093916667,0.13377902719865514,0.0983674807782806,-0.3,0.1482930714582163,0.13322148276572388,0.12120962329185114
196,0.10095720039632984,0.1336447438766551,0.15240195825087752,0.18617900259174386,0.0919464093916667,0.13377902719865514,0.0983674807782806,-0.3,0.1482930714582163,0.13322148276572388,0.12120962329185114
197,0.10095720039632984,0.1336447438766551,0.15240195825087752,0.18617900259174386,0.0919464093916667,0.13377902719865514,0.0983674807782806,-0.3,0.1482930714582163,0.13322148276572388,0.12120962329185114
198,0.10095720039632984,0.1336447438766551,0.15240195825087752,0.18617900259174386,0.0919464093916667,0.13377902719865514,0.0983674807782806,-0.3,0.1482930714582163,0.13322148276572388,0.12120962329185114
199,0.10095720039632984,0.1336447438766551,0.15240195825087752,0.18617900259174386,0.0919464093916667,0.13377902719865514,0.0983674807782806,-0.3,0.1482930714582163,0.13322148276572388,0.12120962329185114
200,0.10095720039632984,0.1336447438766551,0.15240195825087752,0.18617900259174386,0.0919464093916667,0.13377902719865514,0.0983674807782806,-0.3,0.1482930714582163,0.13322148276572388,0.12120962329185114
201,0.10095720039632984,0.1336447438766551,0.15240195825087752,0.18617900259174386,0.0919464093916667,0.13377902719865514,0.0983674807782806,-0.3,0.1482930714582163,0.13322148276572388,0.12120962329185114
202,0.10095720039632984,0.1336447438766551,0.15240195825087752,0.18617900259174386,0.0919464093916667,0.13377902719865514,0.0983674807782806,-0.3,0.1482930714582163,0.13322148276572388,0.12120962329185114
203,0.10095720039632984,0.1336447438766551,0.15240195825087752,0.18617900259174386,0.0919464093916667,0.13377902719865514,0.0983674807782806,-0.3,0.1482930714582163,0.13322148276572388,0.12120962329185114
204,0.10095720039632984,0.1336447438766551,0.15240195825087752,0.18617900259174386,0.0919464093916667,0.13377902719865514,0.0983674807782806,-0.3,0.1482930714582163,0.13322148276572388,0.12120962329185114
205,0.10095720039632984,0.1336447438766551,0.15240195825087752,0.18617900259174386,0.0919464093916667,0.13377902719865514,0.0983674807782806,-0.3,0.1482930714582163,0.13322148276572388,0.12120962329185114
206,0.10095720039632984,0.1336447438766551,0.15240195825087752,0.18617900259174386,0.0919464093916667,0.13377902719865514,0.0983674807782806,-0.3,0.1482930714582163,0.13322148276572388,0.12120962329185114
207,0.10095720039632984,0.1336447438766551,0.15240195825087752,0.18617900259174386,0.0919464093916667,0.13377902719865514,0.0983674807782806,-0.3,0.1482930714582163,0.13322148276572388,0.12120962329185114
208,0.10095720039632984,0.1336447438766551,0.15240195825087752,0.18617900259174386,0.0919464093916667,0.13377902719865514,0.0983674807782806,-0.3,0.1482930714582163,0.13322148276572388,0.12120962329185114
209,0.10095720039632984,0.1336447438766551,0.15240195825087752,0.18617900259174386,0.0919464093916667,0.13377902719865514,0.0983674807782806,-0.3,0.1482930714582163,0.13322148276572388,0.12120962329185114
210,0.10095720039632984,0.1336447438766551,0.15240195825087752,0.18617900259174386,0.0919464093916667,0.13377902719865514,0.0983674807782806,-0.3,0.1482930714582163,0.13322148276572388,0.12120962329185114
211,0.10095720039632984,0.1336447438766551,0.15240195825087752,0.18617900259174386,0.0919464093916667,0.13377902719865514,0.0983674807782806,-0.3,0.1482930714582163,0.13322148276572388,0.12120962329185114
212,-0.013447095512041766,0.06465266183535243,0.44782059202493474,0.00847242689255426,0.006448925784040772,0.3793459465345688,-0.020726189027652994,0.07130246288832781,0.020919265166739635,-0.02572236933270988,0.06093337274588601
213,-0.013447095512041766,0.06465266183535243,0.44782059202493474,0.00847242689255426,0.006448925784040772,0.3793459465345688,-0.020726189027652994,0.07130246288832781,0.020919265166739635,-0.02572236933270988,0.06093337274588601
214,-0.013447095512041766,0.06465266183535243,0.44782059202493474,0.00847242689255426,0.006448925784040772,0.3793459465345688,-0.020726189027652994,0.07130246288832781,0.020919265166739635,-0.02572236933270988,0.06093337274588601
215,-0.013447095512041766,0.06465266183535243,0.44782059202493474,0.00847242689255426,0.006448925784040772,0.3793459465345688,-0.020726189027652994,0.07130246288832781,0.020919265166739635,-0.02572236933270988,0.06093337274588601
216,-0.013447095512041766,0.06465266183535243,0.44782059202493474,0.00847242689255426,0.006448925784040772,0.3793459465345688,-0.020726189027652994,0.07130246288832781,0.020919265166739635,-0.02572236933270988,0.06093337274588601
217,-0.013447095512041766,0.06465266183535243,0.44782059202493474,0.00847242689255426,0.006448925784040772,0.3793459465345688,-0.020726189027652994,0.07130246288832781,0.020919265166739635,-0.02572236933270988,0.06093337274588601
218,-0.013447095512041766,0.06465266183535243,0.44782059202493474,0.00847242689255426,0.006448925784040772,0.3793459465345688,-0.020726189027652994,0.07130246288832781,0.020919265166739635,-0.02572236933270988,0.06093337274588601
219,-0.013447095512041766,0.06465266183535243,0.44782059202493474,0.00847242689255426,0.006448925784040772,0.3793459465345688,-0.020726189027652994,0.07130246288832781,0.020919265166739635,-0.02572236933270988,0.06093337274588601
220,-0.013447095512041766,0.06465266183535243,0.44782059202493474,0.00847242689255426,0.006448925784040772,0.3793459465345688,-0.020726189027652994,0.07130246288832781,0.020919265166739635,-0.02572236933270988,0.06093337274588601
221,-0.013447095512041766,0.06465266183535243,0.44782059202493474,0.00847242689255426,0.006448925784040772,0.3793459465345688,-0.020726189027652994,0.07130246288832781,0.020919265166739635,-0.02572236933270988,0.06093337274588601
222,-0.013447095512041766,0.06465266183535243,0.44782059202493474,0.00847242689255426,0.006448925784040772,0.3793459465345688,-0.020726189027652994,0.07130246288832781,0.020919265166739635,-0.02572236933270988,0.06093337274588601
223,-0.013447095512041766,0.06465266183535243,0.44782059202493474,0.00847242689255426,0.006448925784040772,0.3793459465345688,-0.020726189027652994,0.07130246288832781,0.020919265166739635,-0.02572236933270988,0.06093337274588601
224,-0.013447095512041766,0.06465266183535243,0.44782059202493474,0.00847242689255426,0.006448925784040772,0.3793459465345688,-0.020726189027652994,0.07130246288832781,0.020919265166739635,-0.02572236933270988,0.06093337274588601
225,-0.013447095512041766,0.06465266183535243,0.44782059202493474,0.00847242689255426,0.006448925784040772,0.3793459465345688,-0.020726189027652994,0.07130246288832781,0.020919265166739635,-0.02572236933270988,0.06093337274588601
226,-0.013447095512041766,0.06465266183535243,0.44782059202493474,0.00847242689255426,0.006448925784040772,0.3793459465345688,-0.020726189027652994,0.07130246288832781,0.020919265166739635,-0.02572236933270988,0.06093337274588601
227,-0.013447095512041766,0.06465266183535243,0.44782059202493474,0.00847242689255426,0.006448925784040772,0.3793459465345688,-0.020726189027652994,0.07130246288832781,0.020919265166739635,-0.02572236933270988,0.06093337274588601
228,-0.013447095512041766,0.06465266183535243,0.44782059202493474,0.00847242689255426,0.006448925784040772,0.3793459465345688,-0.020726189027652994,0.07130246288832781,0.020919265166739635,-0.02572236933270988,0.06093337274588601
229,-0.013447095512041766,0.06465266183535243,0.44782059202493474,0.00847242689255426,0.006448925784040772,0.3793459465345688,-0.020726189027652994,0.07130246288832781,0.020919265166739635,-0.02572236933270988,0.06093337274588601
230,-0.013447095512041766,0.06465266183535243,0.44782059202493474,0.00847242689255426,0.006448925784040772,0.3793459465345688,-0.020726189027652994,0.07130246288832781,0.020919265166739635,-0.02572236933270988,0.06093337274588601
231,-0.013447095512041766,0.06465266183535243,0.44782059202493474,0.00847242689255426,0.006448925784040772,0.3793459465345688,-0.020726189027652994,0.07130246288832781,0.020919265166739635,-0.02572236933270988,0.06093337274588601
232,-0.013447095512041766,0.06465266183535243,0.44782059202493474,0.00847242689255426,0.006448925784040772,0.3793459465345688,-0.020726189027652994,0.07130246288832781,0.020919265166739635,-0.02572236933270988,0.06093337274588601
233,-0.013447095512041766,0.06465266183535243,0.44782059202493474,0.00847242689255426,0.006448925784040772,0.3793459465345688,-0.020726189027652994,0.07130246288832781,0.020919265166739635,-0.02572236933270988,0.06093337274588601
234,-0.013447095512041766,0.06465266183535243,0.44782059202493474,0.00847242689255426,0.006448925784040772,0.3793459465345688,-0.020726189027652994,0.07130246288832781,0.020919265166739635,-0.02572236933270988,0.06093337274588601
235,-0.013447095512041766,0.06465266183535243,0.44782059202493474,0.00847242689255426,0.006448925784040772,0.3793459465345688,-0.020726189027652994,0.07130246288832781,0.020919265166739635,-0.02572236933270988,0.06093337274588601
236,-0.013447095512041766,0.06465266183535243,0.44782059202493474,0.00847242689255426,0.006448925784040772,0.3793459465345688,-0.020726189027652994,0.07130246288832781,0.020919265166739635,-0.02572236933270988,0.06093337274588601
237,-0.013447095512041766,0.06465266183535243,0.44782059202493474,0.00847242689255426,0.006448925784040772,0.3793459465345688,-0.020726189027652994,0.07130246288832781,0.020919265166739635,-0.02572236933270988,0.06093337274588601
238,-0.013447095512041766,0.06465266183535243,0.44782059202493474,0.00847242689255426,0.006448925784040772,0.3793459465345688,-0.020726189027652994,0.07130246288832781,0.020919265166739635,-0.02572236933270988,0.06093337274588601
239,-0.013447095512041766,0.06465266183535243,0.44782059202493474,0.00847242689255426,0.006448925784040772,0.3793459465345688,-0.020726189027652994,0.07130246288832781,0.020919265166739635,-0.02572236933270988,0.06093337274588601
240,-0.013447095512041766,0.06465266183535243,0.44782059202493474,0.00847242689255426,0.006448925784040772,0.3793459465345688,-0.020726189027652994,0.07130246288832781,0.020919265166739635,-0.02572236933270988,0.06093337274588601
241,-0.013447095512041766,0.06465266183535243,0.44782059202493474,0.00847242689255426,0.006448925784040772,0.3793459465345688,-0.020726189027652994,0.07130246288832781,0.020919265166739635,-0.02572236933270988,0.06093337274588601
242,-0.013447095512041766,0.06465266183535243,0.44782059202493474,0.00847242689255426,0.006448925784040772,0.3793459465345688,-0.020726189027652994,0.07130246288832781,0.020919265166739635,-0.02572236933270988,0.06093337274588601
243,0.37059119821599784,-0.12696381577001328,-0.054663857153870274,0.03417905078864699,0.5733442022729165,0.036758192513685534,0.024449785563170148,0.022303763086903305,0.034777326569487996,0.022292323825431396,0.06293183008764391
244,0.37059119821599784,-0.12696381577001328,-0.054663857153870274,0.03417905078864699,0.5733442022729165,0.036758192513685534,0.024449785563170148,0.022303763086903305,0.034777326569487996,0.022292323825431396,0.06293183008764391
245,0.37059119821599784,-0.12696381577001328,-0.054663857153870274,0.03417905078864699,0.5733442022729165,0.036758192513685534,0.024449785563170148,0.022303763086903305,0.034777326569487996,0.022292323825431396,0.06293183008764391
246,0.37059119821599784,-0.12696381577001328,-0.054663857153870274,0.03417905078864699,0.5733442022729165,0.036758192513685534,0.024449785563170148,0.022303763086903305,0.034777326569487996,0.022292323825431396,0.06293183008764391
247,0.37059119821599784,-0.12696381577001328,-0.054663857153870274,0.03417905078864699,0.5733442022729165,0.036758192513685534,0.024449785563170148,0.022303763086903305,0.034777326569487996,0.022292323825431396,0.06293183008764391
248,0.37059119821599784,-0.12696381577001328,-0.054663857153870274,0.03417905078864699,0.5733442022729165,0.036758192513685534,0.024449785563170148,0.022303763086903305,0.034777326569487996,0.022292323825431396,0.06293183008764391
249,0.37059119821599784,-0.12696381577001328,-0.054663857153870274,0.03417905078864699,0.5733442022729165,0.036758192513685534,0.024449785563170148,0.022303763086903305,0.034777326569487996,0.022292323825431396,0.06293183008764391
250,0.37059119821599784,-0.12696381577001328,-0.054663857153870274,0.03417905078864699,0.5733442022729165,0.036758192513685534,0.024449785563170148,0.022303763086903305,0.034777326569487996,0.022292323825431396,0.06293183008764391
251,0.37059119821599784,-0.12696381577001328,-0.054663857153870274,0.03417905078864699,0.5733442022729165,0.036758192513685534,0.024449785563170148,0.022303763086903305,0.034777326569487996,0.022292323825431396,0.06293183008764391
252,0.37059119821599784,-0.12696381577001328,-0.054663857153870274,0.03417905078864699,0.5733442022729165,0.036758192513685534,0.024449785563170148,0.022303763086903305,0.034777326569487996,0.022292323825431396,0.06293183008764391
253,0.37059119821599784,-0.12696381577001328,-0.054663857153870274,0.03417905078864699,0.5733442022729165,0.036758192513685534,0.024449785563170148,0.022303763086903305,0.034777326569487996,0.022292323825431396,0.06293183008764391
254,0.37059119821599784,-0.12696381577001328,-0.054663857153870274,0.03417905078864699,0.5733442022729165,0.036758192513685534,0.024449785563170148,0.022303763086903305,0.034777326569487996,0.022292323825431396,0.06293183008764391
255,0.37059119821599784,-0.12696381577001328,-0.054663857153870274,0.03417905078864699,0.5733442022729165,0.036758192513685534,0.024449785563170148,0.022303763086903305,0.034777326569487996,0.022292323825431396,0.06293183008764391
256,0.37059119821599784,-0.12696381577001328,-0.054663857153870274,0.03417905078864699,0.5733442022729165,0.036758192513685534,0.024449785563170148,0.022303763086903305,0.034777326569487996,0.022292323825431396,0.06293183008764391
257,0.37059119821599784,-0.12696381577001328,-0.054663857153870274,0.03417905078864699,0.5733442022729165,0.036758192513685534,0.024449785563170148,0.022303763086903305,0.034777326569487996,0.022292323825431396,0.06293183008764391
258,0.37059119821599784,-0.12696381577001328,-0.054663857153870274,0.03417905078864699,0.5733442022729165,0.036758192513685534,0.024449785563170148,0.022303763086903305,0.034777326569487996,0.022292323825431396,0.06293183008764391
259,0.37059119821599784,-0.12696381577001328,-0.054663857153870274,0.03417905078864699,0.5733442022729165,0.036758192513685534,0.024449785563170148,0.022303763086903305,0.034777326569487996,0.022292323825431396,0.06293183008764391
260,0.37059119821599784,-0.12696381577001328,-0.054663857153870274,0.03417905078864699,0.5733442022729165,0.036758192513685534,0.024449785563170148,0.022303763086903305,0.034777326569487996,0.022292323825431396,0.06293183008764391
261,0.37059119821599784,-0.12696381577001328,-0.054663857153870274,0.03417905078864699,0.5733442022729165,0.036758192513685534,0.024449785563170148,0.022303763086903305,0.034777326569487996,0.022292323825431396,0.06293183008764391
262,0.37059119821599784,-0.12696381577001328,-0.054663857153870274,0.03417905078864699,0.5733442022729165,0.036758192513685534,0.024449785563170148,0.022303763086903305,0.034777326569487996,0.022292323825431396,0.06293183008764391
263,0.37059119821599784,-0.12696381577001328,-0.054663857153870274,0.03417905078864699,0.5733442022729165,0.036758192513685534,0.024449785563170148,0.022303763086903305,0.034777326569487996,0.022292323825431396,0.06293183008764391
264,0.37059119821599784,-0.12696381577001328,-0.054663857153870274,0.03417905078864699,0.5733442022729165,0.036758192513685534,0.024449785563170148,0.022303763086903305,0.034777326569487996,0.022292323825431396,0.06293183008764391
265,0.37059119821599784,-0.12696381577001328,-0.054663857153870274,0.03417905078864699,0.5733442022729165,0.036758192513685534,0.024449785563170148,0.022303763086903305,0.034777326569487996,0.022292323825431396,0.06293183008764391
266,0.37059119821599784,-0.12696381577001328,-0.054663857153870274,0.03417905078864699,0.5733442022729165,0.036758192513685534,0.024449785563170148,0.022303763086903305,0.034777326569487996,0.022292323825431396,0.06293183008764391
267,0.37059119821599784,-0.12696381577001328,-0.054663857153870274,0.03417905078864699,0.5733442022729165,0.036758192513685534,0.024449785563170148,0.022303763086903305,0.034777326569487996,0.022292323825431396,0.06293183008764391
268,0.37059119821599784,-0.12696381577001328,-0.054663857153870274,0.03417905078864699,0.5733442022729165,0.036758192513685534,0.024449785563170148,0.022303763086903305,0.034777326569487996,0.022292323825431396,0.06293183008764391
269,0.37059119821599784,-0.12696381577001328,-0.054663857153870274,0.03417905078864699,0.5733442022729165,0.036758192513685534,0.024449785563170148,0.022303763086903305,0.034777326569487996,0.022292323825431396,0.06293183008764391
270,0.37059119821599784,-0.12696381577001328,-0.054663857153870274,0.03417905078864699,0.5733442022729165,0.036758192513685534,0.024449785563170148,0.022303763086903305,0.034777326569487996,0.022292323825431396,0.06293183008764391
271,0.37059119821599784,-0.12696381577001328,-0.054663857153870274,0.03417905078864699,0.5733442022729165,0.036758192513685534,0.024449785563170148,0.022303763086903305,0.034777326569487996,0.022292323825431396,0.06293183008764391
272,0.37059119821599784,-0.12696381577001328,-0.054663857153870274,0.03417905078864699,0.5733442022729165,0.036758192513685534,0.024449785563170148,0.022303763086903305,0.034777326569487996,0.022292323825431396,0.06293183008764391
273,0.16470786610497246,0.07817900226445665,0.045330430403717537,0.17889967559412595,-0.03127955236861774,0.058122476226769894,-0.04260232138232883,0.02897150566936454,-0.04760900489161502,0.5153957032507724,0.05188421912838221
274,0.16470786610497246,0.07817900226445665,0.045330430403717537,0.17889967559412595,-0.03127955236861774,0.058122476226769894,-0.04260232138232883,0.02897150566936454,-0.04760900489161502,0.5153957032507724,0.05188421912838221
275,0.16470786610497246,0.07817900226445665,0.045330430403717537,0.17889967559412595,-0.03127955236861774,0.058122476226769894,-0.04260232138232883,0.02897150566936454,-0.04760900489161502,0.5153957032507724,0.05188421912838221
276,0.16470786610497246,0.07817900226445665,0.045330430403717537,0.17889967559412595,-0.03127955236861774,0.058122476226769894,-0.04260232138232883,0.02897150566936454,-0.04760900489161502,0.5153957032507724,0.05188421912838221
277,0.16470786610497246,0.07817900226445665,0.045330430403717537,0.17889967559412595,-0.03127955236861774,0.058122476226769894,-0.04260232138232883,0.02897150566936454,-0.04760900489161502,0.5153957032507724,0.05188421912838221
278,0.16470786610497246,0.07817900226445665,0.045330430403717537,0.17889967559412595,-0.03127955236861774,0.058122476226769894,-0.04260232138232883,0.02897150566936454,-0.04760900489161502,0.5153957032507724,0.05188421912838221
279,0.16470786610497246,0.07817900226445665,0.045330430403717537,0.17889967559412595,-0.03127955236861774,0.058122476226769894,-0.04260232138232883,0.02897150566936454,-0.04760900489161502,0.5153957032507724,0.05188421912838221
280,0.16470786610497246,0.07817900226445665,0.045330430403717537,0.17889967559412595,-0.03127955236861774,0.058122476226769894,-0.04260232138232883,0.02897150566936454,-0.04760900489161502,0.5153957032507724,0.05188421912838221
281,0.16470786610497246,0.07817900226445665,0.045330430403717537,0.17889967559412595,-0.03127955236861774,0.058122476226769894,-0.04260232138232883,0.02897150566936454,-0.04760900489161502,0.5153957032507724,0.05188421912838221
282,0.16470786610497246,0.07817900226445665,0.045330430403717537,0.17889967559412595,-0.03127955236861774,0.058122476226769894,-0.04260232138232883,0.02897150566936454,-0.04760900489161502,0.5153957032507724,0.05188421912838221
283,0.16470786610497246,0.07817900226445665,0.045330430403717537,0.17889967559412595,-0.03127955236861774,0.058122476226769894,-0.04260232138232883,0.02897150566936454,-0.04760900489161502,0.5153957032507724,0.05188421912838221
284,0.16470786610497246,0.07817900226445665,0.045330430403717537,0.17889967559412595,-0.03127955236861774,0.058122476226769894,-0.04260232138232883,0.02897150566936454,-0.04760900489161502,0.5153957032507724,0.05188421912838221
285,0.16470786610497246,0.07817900226445665,0.045330430403717537,0.17889967559412595,-0.03127955236861774,0.058122476226769894,-0.04260232138232883,0.02897150566936454,-0.04760900489161502,0.5153957032507724,0.05188421912838221
286,0.16470786610497246,0.07817900226445665,0.045330430403717537,0.17889967559412595,-0.03127955236861774,0.058122476226769894,-0.04260232138232883,0.02897150566936454,-0.04760900489161502,0.5153957032507724,0.05188421912838221
287,0.16470786610497246,0.07817900226445665,0.045330430403717537,0.17889967559412595,-0.03127955236861774,0.058122476226769894,-0.04260232138232883,0.02897150566936454,-0.04760900489161502,0.5153957032507724,0.05188421912838221
288,0.16470786610497246,0.07817900226445665,0.045330430403717537,0.17889967559412595,-0.03127955236861774,0.058122476226769894,-0.04260232138232883,0.02897150566936454,-0.04760900489161502,0.5153957032507724,0.05188421912838221
289,0.16470786610497246,0.07817900226445665,0.045330430403717537,0.17889967559412595,-0.03127955236861774,0.058122476226769894,-0.04260232138232883,0.02897150566936454,-0.04760900489161502,0.5153957032507724,0.05188421912838221
290,0.16470786610497246,0.07817900226445665,0.045330430403717537,0.17889967559412595,-0.03127955236861774,0.058122476226769894,-0.04260232138232883,0.02897150566936454,-0.04760900489161502,0.5153957032507724,0.05188421912838221
291,0.16470786610497246,0.07817900226445665,0.045330430403717537,0.17889967559412595,-0.03127955236861774,0.058122476226769894,-0.04260232138232883,0.02897150566936454,-0.04760900489161502,0.5153957032507724,0.05188421912838221
292,0.16470786610497246,0.07817900226445665,0.045330430403717537,0.17889967559412595,-0.03127955236861774,0.058122476226769894,-0.04260232138232883,0.02897150566936454,-0.04760900489161502,0.5153957032507724,0.05188421912838221
293,0.16470786610497246,0.07817900226445665,0.045330430403717537,0.17889967559412595,-0.03127955236861774,0.058122476226769894,-0.04260232138232883,0.02897150566936454,-0.04760900489161502,0.5153957032507724,0.05188421912838221
294,0.16470786610497246,0.07817900226445665,0.045330430403717537,0.17889967559412595,-0.03127955236861774,0.058122476226769894,-0.04260232138232883,0.02897150566936454,-0.04760900489161502,0.5153957032507724,0.05188421912838221
295,0.16470786610497246,0.07817900226445665,0.045330430403717537,0.17889967559412595,-0.03127955236861774,0.058122476226769894,-0.04260232138232883,0.02897150566936454,-0.04760900489161502,0.5153957032507724,0.05188421912838221
296,0.16470786610497246,0.07817900226445665,0.045330430403717537,0.17889967559412595,-0.03127955236861774,0.058122476226769894,-0.04260232138232883,0.02897150566936454,-0.04760900489161502,0.5153957032507724,0.05188421912838221
297,0.16470786610497246,0.07817900226445665,0.045330430403717537,0.17889967559412595,-0.03127955236861774,0.058122476226769894,-0.04260232138232883,0.02897150566936454,-0.04760900489161502,0.5153957032507724,0.05188421912838221
298,0.16470786610497246,0.07817900226445665,0.045330430403717537,0.17889967559412595,-0.03127955236861774,0.058122476226769894,-0.04260232138232883,0.02897150566936454,-0.04760900489161502,0.5153957032507724,0.05188421912838221
299,0.16470786610497246,0.07817900226445665,0.045330430403717537,0.17889967559412595,-0.03127955236861774,0.058122476226769894,-0.04260232138232883,0.02897150566936454,-0.04760900489161502,0.5153957032507724,0.05188421912838221
300,0.16470786610497246,0.07817900226445665,0.045330430403717537,0.17889967559412595,-0.03127955236861774,0.058122476226769894,-0.04260232138232883,0.02897150566936454,-0.04760900489161502,0.5153957032507724,0.05188421912838221
301,0.16470786610497246,0.07817900226445665,0.045330430403717537,0.17889967559412595,-0.03127955236861774,0.058122476226769894,-0.04260232138232883,0.02897150566936454,-0.04760900489161502,0.5153957032507724,0.05188421912838221
302,0.16470786610497246,0.07817900226445665,0.045330430403717537,0.17889967559412595,-0.03127955236861774,0.058122476226769894,-0.04260232138232883,0.02897150566936454,-0.04760900489161502,0.5153957032507724,0.05188421912838221
303,0.16470786610497246,0.07817900226445665,0.045330430403717537,0.17889967559412595,-0.03127955236861774,0.058122476226769894,-0.04260232138232883,0.02897150566936454,-0.04760900489161502,0.5153957032507724,0.05188421912838221
304,0.11568513963401393,-0.03738858511604105,-0.03857488777652362,0.040088480124630885,-0.022437949237711263,0.047230336755437884,0.8846324309552139,0.01675286275089401,-0.028531615013579082,0.01676622506139189,0.005777561862272421
305,0.11568513963401393,-0.03738858511604105,-0.03857488777652362,0.040088480124630885,-0.022437949237711263,0.047230336755437884,0.8846324309552139,0.01675286275089401,-0.028531615013579082,0.01676622506139189,0.005777561862272421
306,0.11568513963401393,-0.03738858511604105,-0.03857488777652362,0.040088480124630885,-0.022437949237711263,0.047230336755437884,0.8846324309552139,0.01675286275089401,-0.028531615013579082,0.01676622506139189,0.005777561862272421
307,0.11568513963401393,-0.03738858511604105,-0.03857488777652362,0.040088480124630885,-0.022437949237711263,0.047230336755437884,0.8846324309552139,0.01675286275089401,-0.028531615013579082,0.01676622506139189,0.005777561862272421
308,0.11568513963401393,-0.03738858511604105,-0.03857488777652362,0.040088480124630885,-0.022437949237711263,0.047230336755437884,0.8846324309552139,0.01675286275089401,-0.028531615013579082,0.01676622506139189,0.005777561862272421
309,0.11568513963401393,-0.03738858511604105,-0.03857488777652362,0.040088480124630885,-0.022437949237711263,0.047230336755437884,0.8846324309552139,0.01675286275089401,-0.028531615013579082,0.01676622506139189,0.005777561862272421
310,0.11568513963401393,-0.03738858511604105,-0.03857488777652362,0.040088480124630885,-0.022437949237711263,0.047230336755437884,0.8846324309552139,0.01675286275089401,-0.028531615013579082,0.01676622506139189,0.005777561862272421
311,0.11568513963401393,-0.03738858511604105,-0.03857488777652362,0.040088480124630885,-0.022437949237711263,0.047230336755437884,0.8846324309552139,0.01675286275089401,-0.028531615013579082,0.01676622506139189,0.005777561862272421
312,0.11568513963401393,-0.03738858511604105,-0.03857488777652362,0.040088480124630885,-0.022437949237711263,0.047230336755437884,0.8846324309552139,0.01675286275089401,-0.028531615013579082,0.01676622506139189,0.005777561862272421
313,0.11568513963401393,-0.03738858511604105,-0.03857488777652362,0.040088480124630885,-0.022437949237711263,0.047230336755437884,0.8846324309552139,0.01675286275089401,-0.028531615013579082,0.01676622506139189,0.005777561862272421
314,0.11568513963401393,-0.03738858511604105,-0.03857488777652362,0.040088480124630885,-0.022437949237711263,0.047230336755437884,0.8846324309552139,0.01675286275089401,-0.028531615013579082,0.01676622506139189,0.005777561862272421
315,0.11568513963401393,-0.03738858511604105,-0.03857488777652362,0.040088480124630885,-0.022437949237711263,0.047230336755437884,0.8846324309552139,0.01675286275089401,-0.028531615013579082,0.01676622506139189,0.005777561862272421
316,0.11568513963401393,-0.03738858511604105,-0.03857488777652362,0.040088480124630885,-0.022437949237711263,0.047230336755437884,0.8846324309552139,0.01675286275089401,-0.028531615013579082,0.01676622506139189,0.005777561862272421
317,0.11568513963401393,-0.03738858511604105,-0.03857488777652362,0.040088480124630885,-0.022437949237711263,0.047230336755437884,0.8846324309552139,0.01675286275089401,-0.028531615013579082,0.01676622506139189,0.005777561862272421
318,0.11568513963401393,-0.03738858511604105,-0.03857488777652362,0.040088480124630885,-0.022437949237711263,0.047230336755437884,0.8846324309552139,0.01675286275089401,-0.028531615013579082,0.01676622506139189,0.005777561862272421
319,0.11568513963401393,-0.03738858511604105,-0.03857488777652362,0.040088480124630885,-0.022437949237711263,0.047230336755437884,0.8846324309552139,0.01675286275089401,-0.028531615013579082,0.01676622506139189,0.005777561862272421
320,0.11568513963401393,-0.03738858511604105,-0.03857488777652362,0.040088480124630885,-0.022437949237711263,0.047230336755437884,0.8846324309552139,0.01675286275089401,-0.028531615013579082,0.01676622506139189,0.005777561862272421
321,0.11568513963401393,-0.03738858511604105,-0.03857488777652362,0.040088480124630885,-0.022437949237711263,0.047230336755437884,0.8846324309552139,0.01675286275089401,-0.028531615013579082,0.01676622506139189,0.005777561862272421
322,0.11568513963401393,-0.03738858511604105,-0.03857488777652362,0.040088480124630885,-0.022437949237711263,0.047230336755437884,0.8846324309552139,0.01675286275089401,-0.028531615013579082,0.01676622506139189,0.005777561862272421
323,0.11568513963401393,-0.03738858511604105,-0.03857488777652362,0.040088480124630885,-0.022437949237711263,0.047230336755437884,0.8846324309552139,0.01675286275089401,-0.028531615013579082,0.01676622506139189,0.005777561862272421
324,0.11568513963401393,-0.03738858511604105,-0.03857488777652362,0.040088480124630885,-0.022437949237711263,0.047230336755437884,0.8846324309552139,0.01675286275089401,-0.028531615013579082,0.01676622506139189,0.005777561862272421
325,0.11568513963401393,-0.03738858511604105,-0.03857488777652362,0.040088480124630885,-0.022437949237711263,0.047230336755437884,0.8846324309552139,0.01675286275089401,-0.028531615013579082,0.01676622506139189,0.005777561862272421
326,0.11568513963401393,-0.03738858511604105,-0.03857488777652362,0.040088480124630885,-0.022437949237711263,0.047230336755437884,0.8846324309552139,0.01675286275089401,-0.028531615013579082,0.01676622506139189,0.005777561862272421
327,0.11568513963401393,-0.03738858511604105,-0.03857488777652362,0.040088480124630885,-0.022437949237711263,0.047230336755437884,0.8846324309552139,0.01675286275089401,-0.028531615013579082,0.01676622506139189,0.005777561862272421
328,0.11568513963401393,-0.03738858511604105,-0.03857488777652362,0.040088480124630885,-0.022437949237711263,0.047230336755437884,0.8846324309552139,0.01675286275089401,-0.028531615013579082,0.01676622506139189,0.005777561862272421
329,0.11568513963401393,-0.03738858511604105,-0.03857488777652362,0.040088480124630885,-0.022437949237711263,0.047230336755437884,0.8846324309552139,0.01675286275089401,-0.028531615013579082,0.01676622506139189,0.005777561862272421
330,0.11568513963401393,-0.03738858511604105,-0.03857488777652362,0.040088480124630885,-0.022437949237711263,0.047230336755437884,0.8846324309552139,0.01675286275089401,-0.028531615013579082,0.01676622506139189,0.005777561862272421
331,0.11568513963401393,-0.03738858511604105,-0.03857488777652362,0.040088480124630885,-0.022437949237711263,0.047230336755437884,0.8846324309552139,0.01675286275089401,-0.028531615013579082,0.01676622506139189,0.005777561862272421
332,0.11568513963401393,-0.03738858511604105,-0.03857488777652362,0.040088480124630885,-0.022437949237711263,0.047230336755437884,0.8846324309552139,0.01675286275089401,-0.028531615013579082,0.01676622506139189,0.005777561862272421
333,0.11568513963401393,-0.03738858511604105,-0.03857488777652362,0.040088480124630885,-0.022437949237711263,0.047230336755437884,0.8846324309552139,0.01675286275089401,-0.028531615013579082,0.01676622506139189,0.005777561862272421
334,-0.2016432952257343,6.967325221688473e-07,0.2965871932136999,0.1965222271759159,0.216828395838919,0.02249191574030197,0.02229118084098051,0.5156131217891596,0.02966526866850075,-0.06639337721927942,-0.03196332755498624
335,-0.2016432952257343,6.967325221688473e-07,0.2965871932136999,0.1965222271759159,0.216828395838919,0.02249191574030197,0.02229118084098051,0.5156131217891596,0.02966526866850075,-0.06639337721927942,-0.03196332755498624
336,-0.2016432952257343,6.967325221688473e-07,0.2965871932136999,0.1965222271759159,0.216828395838919,0.02249191574030197,0.02229118084098051,0.5156131217891596,0.02966526866850075,-0.06639337721927942,-0.03196332755498624
337,-0.2016432952257343,6.967325221688473e-07,0.2965871932136999,0.1965222271759159,0.216828395838919,0.02249191574030197,0.02229118084098051,0.5156131217891596,0.02966526866850075,-0.06639337721927942,-0.03196332755498624
338,-0.2016432952257343,6.967325221688473e-07,0.2965871932136999,0.1965222271759159,0.216828395838919,0.02249191574030197,0.02229118084098051,0.5156131217891596,0.02966526866850075,-0.06639337721927942,-0.03196332755498624
339,-0.2016432952257343,6.967325221688473e-07,0.2965871932136999,0.1965222271759159,0.216828395838919,0.02249191574030197,0.02229118084098051,0.5156131217891596,0.02966526866850075,-0.06639337721927942,-0.03196332755498624
340,-0.2016432952257343,6.967325221688473e-07,0.2965871932136999,0.1965222271759159,0.216828395838919,0.02249191574030197,0.02229118084098051,0.5156131217891596,0.02966526866850075,-0.06639337721927942,-0.03196332755498624
341,-0.2016432952257343,6.967325221688473e-07,0.2965871932136999,0.1965222271759159,0.216828395838919,0.02249191574030197,0.02229118084098051,0.5156131217891596,0.02966526866850075,-0.06639337721927942,-0.03196332755498624
342,-0.2016432952257343,6.967325221688473e-07,0.2965871932136999,0.1965222271759159,0.216828395838919,0.02249191574030197,0.02229118084098051,0.5156131217891596,0.02966526866850075,-0.06639337721927942,-0.03196332755498624
343,-0.2016432952257343,6.967325221688473e-07,0.2965871932136999,0.1965222271759159,0.216828395838919,0.02249191574030197,0.02229118084098051,0.5156131217891596,0.02966526866850075,-0.06639337721927942,-0.03196332755498624
344,-0.2016432952257343,6.967325221688473e-07,0.2965871932136999,0.1965222271759159,0.216828395838919,0.02249191574030197,0.02229118084098051,0.5156131217891596,0.02966526866850075,-0.06639337721927942,-0.03196332755498624
345,-0.2016432952257343,6.967325221688473e-07,0.2965871932136999,0.1965222271759159,0.216828395838919,0.02249191574030197,0.02229118084098051,0.5156131217891596,0.02966526866850075,-0.06639337721927942,-0.03196332755498624
346,-0.2016432952257343,6.967325221688473e-07,0.2965871932136999,0.1965222271759159,0.216828395838919,0.02249191574030197,0.02229118084098051,0.5156131217891596,0.02966526866850075,-0.06639337721927942,-0.03196332755498624
347,-0.2016432952257343,6.967325221688473e-07,0.2965871932136999,0.1965222271759159,0.216828395838919,0.02249191574030197,0.02229118084098051,0.5156131217891596,0.02966526866850075,-0.06639337721927942,-0.03196332755498624
348,-0.2016432952257343,6.967325221688473e-07,0.2965871932136999,0.1965222271759159,0.216828395838919,0.02249191574030197,0.02229118084098051,0.5156131217891596,0.02966526866850075,-0.06639337721927942,-0.03196332755498624
349,-0.2016432952257343,6.967325221688473e-07,0.2965871932136999,0.1965222271759159,0.216828395838919,0.02249191574030197,0.02229118084098051,0.5156131217891596,0.02966526866850075,-0.06639337721927942,-0.03196332755498624
350,-0.2016432952257343,6.967325221688473e-07,0.2965871932136999,0.1965222271759159,0.216828395838919,0.02249191574030197,0.02229118084098051,0.5156131217891596,0.02966526866850075,-0.06639337721927942,-0.03196332755498624
351,-0.2016432952257343,6.967325221688473e-07,0.2965871932136999,0.1965222271759159,0.216828395838919,0.02249191574030197,0.02229118084098051,0.5156131217891596,0.02966526866850075,-0.06639337721927942,-0.03196332755498624
352,-0.2016432952257343,6.967325221688473e-07,0.2965871932136999,0.1965222271759159,0.216828395838919,0.02249191574030197,0.02229118084098051,0.5156131217891596,0.02966526866850075,-0.06639337721927942,-0.03196332755498624
353,-0.2016432952257343,6.967325221688473e-07,0.2965871932136999,0.1965222271759159,0.216828395838919,0.02249191574030197,0.02229118084098051,0.5156131217891596,0.02966526866850075,-0.06639337721927942,-0.03196332755498624
354,-0.2016432952257343,6.967325221688473e-07,0.2965871932136999,0.1965222271759159,0.216828395838919,0.02249191574030197,0.02229118084098051,0.5156131217891596,0.02966526866850075,-0.06639337721927942,-0.03196332755498624
355,-0.2016432952257343,6.967325221688473e-07,0.2965871932136999,0.1965222271759159,0.216828395838919,0.02249191574030197,0.02229118084098051,0.5156131217891596,0.02966526866850075,-0.06639337721927942,-0.03196332755498624
356,-0.2016432952257343,6.967325221688473e-07,0.2965871932136999,0.1965222271759159,0.216828395838919,0.02249191574030197,0.02229118084098051,0.5156131217891596,0.02966526866850075,-0.06639337721927942,-0.03196332755498624
357,-0.2016432952257343,6.967325221688473e-07,0.2965871932136999,0.1965222271759159,0.216828395838919,0.02249191574030197,0.02229118084098051,0.5156131217891596,0.02966526866850075,-0.06639337721927942,-0.03196332755498624
358,-0.2016432952257343,6.967325221688473e-07,0.2965871932136999,0.1965222271759159,0.216828395838919,0.02249191574030197,0.02229118084098051,0.5156131217891596,0.02966526866850075,-0.06639337721927942,-0.03196332755498624
359,-0.2016432952257343,6.967325221688473e-07,0.2965871932136999,0.1965222271759159,0.216828395838919,0.02249191574030197,0.02229118084098051,0.5156131217891596,0.02966526866850075,-0.06639337721927942,-0.03196332755498624
360,-0.2016432952257343,6.967325221688473e-07,0.2965871932136999,0.1965222271759159,0.216828395838919,0.02249191574030197,0.02229118084098051,0.5156131217891596,0.02966526866850075,-0.06639337721927942,-0.03196332755498624
361,-0.2016432952257343,6.967325221688473e-07,0.2965871932136999,0.1965222271759159,0.216828395838919,0.02249191574030197,0.02229118084098051,0.5156131217891596,0.02966526866850075,-0.06639337721927942,-0.03196332755498624
362,-0.2016432952257343,6.967325221688473e-07,0.2965871932136999,0.1965222271759159,0.216828395838919,0.02249191574030197,0.02229118084098051,0.5156131217891596,0.02966526866850075,-0.06639337721927942,-0.03196332755498624
363,-0.2016432952257343,6.967325221688473e-07,0.2965871932136999,0.1965222271759159,0.216828395838919,0.02249191574030197,0.02229118084098051,0.5156131217891596,0.02966526866850075,-0.06639337721927942,-0.03196332755498624
364,-0.2016432952257343,6.967325221688473e-07,0.2965871932136999,0.1965222271759159,0.216828395838919,0.02249191574030197,0.02229118084098051,0.5156131217891596,0.02966526866850075,-0.06639337721927942,-0.03196332755498624
365,0.34013981741848015,0.18905939050035395,-0.14581338453985387,0.1275701066861664,0.17069754812703075,3.489298581378993e-08,0.18119414679118534,0.1513364066725681,0.14000254891122943,-4.7219724133138134e-08,-0.154186568240422
366,0.34013981741848015,0.18905939050035395,-0.14581338453985387,0.1275701066861664,0.17069754812703075,3.489298581378993e-08,0.18119414679118534,0.1513364066725681,0.14000254891122943,-4.7219724133138134e-08,-0.154186568240422
367,0.34013981741848015,0.18905939050035395,-0.14581338453985387,0.1275701066861664,0.17069754812703075,3.489298581378993e-08,0.18119414679118534,0.1513364066725681,0.14000254891122943,-4.7219724133138134e-08,-0.154186568240422
368,0.34013981741848015,0.18905939050035395,-0.14581338453985387,0.1275701066861664,0.17069754812703075,3.489298581378993e-08,0.18119414679118534,0.1513364066725681,0.14000254891122943,-4.7219724133138134e-08,-0.154186568240422
369,0.34013981741848015,0.18905939050035395,-0.14581338453985387,0.1275701066861664,0.17069754812703075,3.489298581378993e-08,0.18119414679118534,0.1513364066725681,0.14000254891122943,-4.7219724133138134e-08,-0.154186568240422
370,0.34013981741848015,0.18905939050035395,-0.14581338453985387,0.1275701066861664,0.17069754812703075,3.489298581378993e-08,0.18119414679118534,0.1513364066725681,0.14000254891122943,-4.7219724133138134e-08,-0.154186568240422
371,0.34013981741848015,0.18905939050035395,-0.14581338453985387,0.1275701066861664,0.17069754812703075,3.489298581378993e-08,0.18119414679118534,0.1513364066725681,0.14000254891122943,-4.7219724133138134e-08,-0.154186568240422
372,0.34013981741848015,0.18905939050035395,-0.14581338453985387,0.1275701066861664,0.17069754812703075,3.489298581378993e-08,0.18119414679118534,0.1513364066725681,0.14000254891122943,-4.7219724133138134e-08,-0.154186568240422
373,0.34013981741848015,0.18905939050035395,-0.14581338453985387,0.1275701066861664,0.17069754812703075,3.489298581378993e-08,0.18119414679118534,0.1513364066725681,0.14000254891122943,-4.7219724133138134e-08,-0.154186568240422
374,0.34013981741848015,0.18905939050035395,-0.14581338453985387,0.1275701066861664,0.17069754812703075,3.489298581378993e-08,0.18119414679118534,0.1513364066725681,0.14000254891122943,-4.7219724133138134e-08,-0.154186568240422
375,0.34013981741848015,0.18905939050035395,-0.14581338453985387,0.1275701066861664,0.17069754812703075,3.489298581378993e-08,0.18119414679118534,0.1513364066725681,0.14000254891122943,-4.7219724133138134e-08,-0.154186568240422
376,0.34013981741848015,0.18905939050035395,-0.14581338453985387,0.1275701066861664,0.17069754812703075,3.489298581378993e-08,0.18119414679118534,0.1513364066725681,0.14000254891122943,-4.7219724133138134e-08,-0.154186568240422
377,0.34013981741848015,0.18905939050035395,-0.14581338453985387,0.1275701066861664,0.17069754812703075,3.489298581378993e-08,0.18119414679118534,0.1513364066725681,0.14000254891122943,-4.7219724133138134e-08,-0.154186568240422
378,0.34013981741848015,0.18905939050035395,-0.14581338453985387,0.1275701066861664,0.17069754812703075,3.489298581378993e-08,0.18119414679118534,0.1513364066725681,0.14000254891122943,-4.7219724133138134e-08,-0.154186568240422
379,0.34013981741848015,0.18905939050035395,-0.14581338453985387,0.1275701066861664,0.17069754812703075,3.489298581378993e-08,0.18119414679118534,0.1513364066725681,0.14000254891122943,-4.7219724133138134e-08,-0.154186568240422
380,0.34013981741848015,0.18905939050035395,-0.14581338453985387,0.1275701066861664,0.17069754812703075,3.489298581378993e-08,0.18119414679118534,0.1513364066725681,0.14000254891122943,-4.7219724133138134e-08,-0.154186568240422
381,0.34013981741848015,0.18905939050035395,-0.14581338453985387,0.1275701066861664,0.17069754812703075,3.489298581378993e-08,0.18119414679118534,0.1513364066725681,0.14000254891122943,-4.7219724133138134e-08,-0.154186568240422
382,0.34013981741848015,0.18905939050035395,-0.14581338453985387,0.1275701066861664,0.17069754812703075,3.489298581378993e-08,0.18119414679118534,0.1513364066725681,0.14000254891122943,-4.7219724133138134e-08,-0.154186568240422
383,0.34013981741848015,0.18905939050035395,-0.14581338453985387,0.1275701066861664,0.17069754812703075,3.489298581378993e-08,0.18119414679118534,0.1513364066725681,0.14000254891122943,-4.7219724133138134e-08,-0.154186568240422
384,0.34013981741848015,0.18905939050035395,-0.14581338453985387,0.1275701066861664,0.17069754812703075,3.489298581378993e-08,0.18119414679118534,0.1513364066725681,0.14000254891122943,-4.7219724133138134e-08,-0.154186568240422
385,0.34013981741848015,0.18905939050035395,-0.14581338453985387,0.1275701066861664,0.17069754812703075,3.489298581378993e-08,0.18119414679118534,0.1513364066725681,0.14000254891122943,-4.7219724133138134e-08,-0.154186568240422
386,0.34013981741848015,0.18905939050035395,-0.14581338453985387,0.1275701066861664,0.17069754812703075,3.489298581378993e-08,0.18119414679118534,0.1513364066725681,0.14000254891122943,-4.7219724133138134e-08,-0.154186568240422
387,0.34013981741848015,0.18905939050035395,-0.14581338453985387,0.1275701066861664,0.17069754812703075,3.489298581378993e-08,0.18119414679118534,0.1513364066725681,0.14000254891122943,-4.7219724133138134e-08,-0.154186568240422
388,0.34013981741848015,0.18905939050035395,-0.14581338453985387,0.1275701066861664,0.17069754812703075,3.489298581378993e-08,0.18119414679118534,0.1513364066725681,0.14000254891122943,-4.7219724133138134e-08,-0.154186568240422
389,0.34013981741848015,0.18905939050035395,-0.14581338453985387,0.1275701066861664,0.17069754812703075,3.489298581378993e-08,0.18119414679118534,0.1513364066725681,0.14000254891122943,-4.7219724133138134e-08,-0.154186568240422
390,0.34013981741848015,0.18905939050035395,-0.14581338453985387,0.1275701066861664,0.17069754812703075,3.489298581378993e-08,0.18119414679118534,0.1513364066725681,0.14000254891122943,-4.7219724133138134e-08,-0.154186568240422
391,0.34013981741848015,0.18905939050035395,-0.14581338453985387,0.1275701066861664,0.17069754812703075,3.489298581378993e-08,0.18119414679118534,0.1513364066725681,0.14000254891122943,-4.7219724133138134e-08,-0.154186568240422
392,0.34013981741848015,0.18905939050035395,-0.14581338453985387,0.1275701066861664,0.17069754812703075,3.489298581378993e-08,0.18119414679118534,0.1513364066725681,0.14000254891122943,-4.7219724133138134e-08,-0.154186568240422
393,0.34013981741848015,0.18905939050035395,-0.14581338453985387,0.1275701066861664,0.17069754812703075,3.489298581378993e-08,0.18119414679118534,0.1513364066725681,0.14000254891122943,-4.7219724133138134e-08,-0.154186568240422
394,0.34013981741848015,0.18905939050035395,-0.14581338453985387,0.1275701066861664,0.17069754812703075,3.489298581378993e-08,0.18119414679118534,0.1513364066725681,0.14000254891122943,-4.7219724133138134e-08,-0.154186568240422
395,0.34013981741848015,0.18905939050035395,-0.14581338453985387,0.1275701066861664,0.17069754812703075,3.489298581378993e-08,0.18119414679118534,0.1513364066725681,0.14000254891122943,-4.7219724133138134e-08,-0.154186568240422
396,0.06643043032438385,0.0740970556013722,0.09741293060953168,0.08262056424204331,0.06939850299866164,0.06993428500786851,0.06844377580972906,0.04822381801584806,0.08435194042998823,0.18463593861437028,0.15445075834620298
397,0.06643043032438385,0.0740970556013722,0.09741293060953168,0.08262056424204331,0.06939850299866164,0.06993428500786851,0.06844377580972906,0.04822381801584806,0.08435194042998823,0.18463593861437028,0.15445075834620298
398,0.06643043032438385,0.0740970556013722,0.09741293060953168,0.08262056424204331,0.06939850299866164,0.06993428500786851,0.06844377580972906,0.04822381801584806,0.08435194042998823,0.18463593861437028,0.15445075834620298
399,0.06643043032438385,0.0740970556013722,0.09741293060953168,0.08262056424204331,0.06939850299866164,0.06993428500786851,0.06844377580972906,0.04822381801584806,0.08435194042998823,0.18463593861437028,0.15445075834620298
400,0.06643043032438385,0.0740970556013722,0.09741293060953168,0.08262056424204331,0.06939850299866164,0.06993428500786851,0.06844377580972906,0.04822381801584806,0.08435194042998823,0.18463593861437028,0.15445075834620298
401,0.06643043032438385,0.0740970556013722,0.09741293060953168,0.08262056424204331,0.06939850299866164,0.06993428500786851,0.06844377580972906,0.04822381801584806,0.08435194042998823,0.18463593861437028,0.15445075834620298
402,0.06643043032438385,0.0740970556013722,0.09741293060953168,0.08262056424204331,0.06939850299866164,0.06993428500786851,0.06844377580972906,0.04822381801584806,0.08435194042998823,0.18463593861437028,0.15445075834620298
403,0.06643043032438385,0.0740970556013722,0.09741293060953168,0.08262056424204331,0.06939850299866164,0.06993428500786851,0.06844377580972906,0.04822381801584806,0.08435194042998823,0.18463593861437028,0.15445075834620298
404,0.06643043032438385,0.0740970556013722,0.09741293060953168,0.08262056424204331,0.06939850299866164,0.06993428500786851,0.06844377580972906,0.04822381801584806,0.08435194042998823,0.18463593861437028,0.15445075834620298
405,0.06643043032438385,0.0740970556013722,0.09741293060953168,0.08262056424204331,0.06939850299866164,0.06993428500786851,0.06844377580972906,0.04822381801584806,0.08435194042998823,0.18463593861437028,0.15445075834620298
406,0.06643043032438385,0.0740970556013722,0.09741293060953168,0.08262056424204331,0.06939850299866164,0.06993428500786851,0.06844377580972906,0.04822381801584806,0.08435194042998823,0.18463593861437028,0.15445075834620298
407,0.06643043032438385,0.0740970556013722,0.09741293060953168,0.08262056424204331,0.06939850299866164,0.06993428500786851,0.06844377580972906,0.04822381801584806,0.08435194042998823,0.18463593861437028,0.15445075834620298
408,0.06643043032438385,0.0740970556013722,0.09741293060953168,0.08262056424204331,0.06939850299866164,0.06993428500786851,0.06844377580972906,0.04822381801584806,0.08435194042998823,0.18463593861437028,0.15445075834620298
409,0.06643043032438385,0.0740970556013722,0.09741293060953168,0.08262056424204331,0.06939850299866164,0.06993428500786851,0.06844377580972906,0.04822381801584806,0.08435194042998823,0.18463593861437028,0.15445075834620298
410,0.06643043032438385,0.0740970556013722,0.09741293060953168,0.08262056424204331,0.06939850299866164,0.06993428500786851,0.06844377580972906,0.04822381801584806,0.08435194042998823,0.18463593861437028,0.15445075834620298
411,0.06643043032438385,0.0740970556013722,0.09741293060953168,0.08262056424204331,0.06939850299866164,0.06993428500786851,0.06844377580972906,0.04822381801584806,0.08435194042998823,0.18463593861437028,0.15445075834620298
412,0.06643043032438385,0.0740970556013722,0.09741293060953168,0.08262056424204331,0.06939850299866164,0.06993428500786851,0.06844377580972906,0.04822381801584806,0.08435194042998823,0.18463593861437028,0.15445075834620298
413,0.06643043032438385,0.0740970556013722,0.09741293060953168,0.08262056424204331,0.06939850299866164,0.06993428500786851,0.06844377580972906,0.04822381801584806,0.08435194042998823,0.18463593861437028,0.15445075834620298
414,0.06643043032438385,0.0740970556013722,0.09741293060953168,0.08262056424204331,0.06939850299866164,0.06993428500786851,0.06844377580972906,0.04822381801584806,0.08435194042998823,0.18463593861437028,0.15445075834620298
415,0.06643043032438385,0.0740970556013722,0.09741293060953168,0.08262056424204331,0.06939850299866164,0.06993428500786851,0.06844377580972906,0.04822381801584806,0.08435194042998823,0.18463593861437028,0.15445075834620298
416,0.06643043032438385,0.0740970556013722,0.09741293060953168,0.08262056424204331,0.06939850299866164,0.06993428500786851,0.06844377580972906,0.04822381801584806,0.08435194042998823,0.18463593861437028,0.15445075834620298
417,0.06643043032438385,0.0740970556013722,0.09741293060953168,0.08262056424204331,0.06939850299866164,0.06993428500786851,0.06844377580972906,0.04822381801584806,0.08435194042998823,0.18463593861437028,0.15445075834620298
418,0.06643043032438385,0.0740970556013722,0.09741293060953168,0.08262056424204331,0.06939850299866164,0.06993428500786851,0.06844377580972906,0.04822381801584806,0.08435194042998823,0.18463593861437028,0.15445075834620298
419,0.06643043032438385,0.0740970556013722,0.09741293060953168,0.08262056424204331,0.06939850299866164,0.06993428500786851,0.06844377580972906,0.04822381801584806,0.08435194042998823,0.18463593861437028,0.15445075834620298
420,0.06643043032438385,0.0740970556013722,0.09741293060953168,0.08262056424204331,0.06939850299866164,0.06993428500786851,0.06844377580972906,0.04822381801584806,0.08435194042998823,0.18463593861437028,0.15445075834620298
421,0.06643043032438385,0.0740970556013722,0.09741293060953168,0.08262056424204331,0.06939850299866164,0.06993428500786851,0.06844377580972906,0.04822381801584806,0.08435194042998823,0.18463593861437028,0.15445075834620298
422,0.06643043032438385,0.0740970556013722,0.09741293060953168,0.08262056424204331,0.06939850299866164,0.06993428500786851,0.06844377580972906,0.04822381801584806,0.08435194042998823,0.18463593861437028,0.15445075834620298
423,0.06643043032438385,0.0740970556013722,0.09741293060953168,0.08262056424204331,0.06939850299866164,0.06993428500786851,0.06844377580972906,0.04822381801584806,0.08435194042998823,0.18463593861437028,0.15445075834620298
424,0.08976812431898379,0.12182284233013475,0.057335886570218986,0.008918956382842286,0.01798263785954581,0.07476042727321405,0.0759253331110279,0.019092636687904268,0.020651762520670604,0.36340882156167187,0.1503325713837857
425,0.08976812431898379,0.12182284233013475,0.057335886570218986,0.008918956382842286,0.01798263785954581,0.07476042727321405,0.0759253331110279,0.019092636687904268,0.020651762520670604,0.36340882156167187,0.1503325713837857
426,0.08976812431898379,0.12182284233013475,0.057335886570218986,0.008918956382842286,0.01798263785954581,0.07476042727321405,0.0759253331110279,0.019092636687904268,0.020651762520670604,0.36340882156167187,0.1503325713837857
427,0.08976812431898379,0.12182284233013475,0.057335886570218986,0.008918956382842286,0.01798263785954581,0.07476042727321405,0.0759253331110279,0.019092636687904268,0.020651762520670604,0.36340882156167187,0.1503325713837857
428,0.08976812431898379,0.12182284233013475,0.057335886570218986,0.008918956382842286,0.01798263785954581,0.07476042727321405,0.0759253331110279,0.019092636687904268,0.020651762520670604,0.36340882156167187,0.1503325713837857
429,0.08976812431898379,0.12182284233013475,0.057335886570218986,0.008918956382842286,0.01798263785954581,0.07476042727321405,0.0759253331110279,0.019092636687904268,0.020651762520670604,0.36340882156167187,0.1503325713837857
430,0.08976812431898379,0.12182284233013475,0.057335886570218986,0.008918956382842286,0.01798263785954581,0.07476042727321405,0.0759253331110279,0.019092636687904268,0.020651762520670604,0.36340882156167187,0.1503325713837857
431,0.08976812431898379,0.12182284233013475,0.057335886570218986,0.008918956382842286,0.01798263785954581,0.07476042727321405,0.0759253331110279,0.019092636687904268,0.020651762520670604,0.36340882156167187,0.1503325713837857
432,0.08976812431898379,0.12182284233013475,0.057335886570218986,0.008918956382842286,0.01798263785954581,0.07476042727321405,0.0759253331110279,0.019092636687904268,0.020651762520670604,0.36340882156167187,0.1503325713837857
433,0.08976812431898379,0.12182284233013475,0.057335886570218986,0.008918956382842286,0.01798263785954581,0.07476042727321405,0.0759253331110279,0.019092636687904268,0.020651762520670604,0.36340882156167187,0.1503325713837857
434,0.08976812431898379,0.12182284233013475,0.057335886570218986,0.008918956382842286,0.01798263785954581,0.07476042727321405,0.0759253331110279,0.019092636687904268,0.020651762520670604,0.36340882156167187,0.1503325713837857
435,0.08976812431898379,0.12182284233013475,0.057335886570218986,0.008918956382842286,0.01798263785954581,0.07476042727321405,0.0759253331110279,0.019092636687904268,0.020651762520670604,0.36340882156167187,0.1503325713837857
436,0.08976812431898379,0.12182284233013475,0.057335886570218986,0.008918956382842286,0.01798263785954581,0.07476042727321405,0.0759253331110279,0.019092636687904268,0.020651762520670604,0.36340882156167187,0.1503325713837857
437,0.08976812431898379,0.12182284233013475,0.057335886570218986,0.008918956382842286,0.01798263785954581,0.07476042727321405,0.0759253331110279,0.019092636687904268,0.020651762520670604,0.36340882156167187,0.1503325713837857
438,0.08976812431898379,0.12182284233013475,0.057335886570218986,0.008918956382842286,0.01798263785954581,0.07476042727321405,0.0759253331110279,0.019092636687904268,0.020651762520670604,0.36340882156167187,0.1503325713837857
439,0.08976812431898379,0.12182284233013475,0.057335886570218986,0.008918956382842286,0.01798263785954581,0.07476042727321405,0.0759253331110279,0.019092636687904268,0.020651762520670604,0.36340882156167187,0.1503325713837857
440,0.08976812431898379,0.12182284233013475,0.057335886570218986,0.008918956382842286,0.01798263785954581,0.07476042727321405,0.0759253331110279,0.019092636687904268,0.020651762520670604,0.36340882156167187,0.1503325713837857
441,0.08976812431898379,0.12182284233013475,0.057335886570218986,0.008918956382842286,0.01798263785954581,0.07476042727321405,0.0759253331110279,0.019092636687904268,0.020651762520670604,0.36340882156167187,0.1503325713837857
442,0.08976812431898379,0.12182284233013475,0.057335886570218986,0.008918956382842286,0.01798263785954581,0.07476042727321405,0.0759253331110279,0.019092636687904268,0.020651762520670604,0.36340882156167187,0.1503325713837857
443,0.08976812431898379,0.12182284233013475,0.057335886570218986,0.008918956382842286,0.01798263785954581,0.07476042727321405,0.0759253331110279,0.019092636687904268,0.020651762520670604,0.36340882156167187,0.1503325713837857
444,0.08976812431898379,0.12182284233013475,0.057335886570218986,0.008918956382842286,0.01798263785954581,0.07476042727321405,0.0759253331110279,0.019092636687904268,0.020651762520670604,0.36340882156167187,0.1503325713837857
445,0.08976812431898379,0.12182284233013475,0.057335886570218986,0.008918956382842286,0.01798263785954581,0.07476042727321405,0.0759253331110279,0.019092636687904268,0.020651762520670604,0.36340882156167187,0.1503325713837857
446,0.08976812431898379,0.12182284233013475,0.057335886570218986,0.008918956382842286,0.01798263785954581,0.07476042727321405,0.0759253331110279,0.019092636687904268,0.020651762520670604,0.36340882156167187,0.1503325713837857
447,0.08976812431898379,0.12182284233013475,0.057335886570218986,0.008918956382842286,0.01798263785954581,0.07476042727321405,0.0759253331110279,0.019092636687904268,0.020651762520670604,0.36340882156167187,0.1503325713837857
448,0.08976812431898379,0.12182284233013475,0.057335886570218986,0.008918956382842286,0.01798263785954581,0.07476042727321405,0.0759253331110279,0.019092636687904268,0.020651762520670604,0.36340882156167187,0.1503325713837857
449,0.08976812431898379,0.12182284233013475,0.057335886570218986,0.008918956382842286,0.01798263785954581,0.07476042727321405,0.0759253331110279,0.019092636687904268,0.020651762520670604,0.36340882156167187,0.1503325713837857
450,0.08976812431898379,0.12182284233013475,0.057335886570218986,0.008918956382842286,0.01798263785954581,0.07476042727321405,0.0759253331110279,0.019092636687904268,0.020651762520670604,0.36340882156167187,0.1503325713837857
451,0.08976812431898379,0.12182284233013475,0.057335886570218986,0.008918956382842286,0.01798263785954581,0.07476042727321405,0.0759253331110279,0.019092636687904268,0.020651762520670604,0.36340882156167187,0.1503325713837857
452,0.08976812431898379,0.12182284233013475,0.057335886570218986,0.008918956382842286,0.01798263785954581,0.07476042727321405,0.0759253331110279,0.019092636687904268,0.020651762520670604,0.36340882156167187,0.1503325713837857
453,0.08976812431898379,0.12182284233013475,0.057335886570218986,0.008918956382842286,0.01798263785954581,0.07476042727321405,0.0759253331110279,0.019092636687904268,0.020651762520670604,0.36340882156167187,0.1503325713837857
454,0.08976812431898379,0.12182284233013475,0.057335886570218986,0.008918956382842286,0.01798263785954581,0.07476042727321405,0.0759253331110279,0.019092636687904268,0.020651762520670604,0.36340882156167187,0.1503325713837857
455,-0.04354853073544486,-1.4366540411703652e-08,-0.07830250367623473,0.6717092249677631,0.08391572084506159,0.18765243671230686,0.20642471068613735,0.1502979067937104,-0.06637971752589246,-0.11176923048253692,-3.2183301008629914e-09
456,-0.04354853073544486,-1.4366540411703652e-08,-0.07830250367623473,0.6717092249677631,0.08391572084506159,0.18765243671230686,0.20642471068613735,0.1502979067937104,-0.06637971752589246,-0.11176923048253692,-3.2183301008629914e-09
457,-0.04354853073544486,-1.4366540411703652e-08,-0.07830250367623473,0.6717092249677631,0.08391572084506159,0.18765243671230686,0.20642471068613735,0.1502979067937104,-0.06637971752589246,-0.11176923048253692,-3.2183301008629914e-09
458,-0.04354853073544486,-1.4366540411703652e-08,-0.07830250367623473,0.6717092249677631,0.08391572084506159,0.18765243671230686,0.20642471068613735,0.1502979067937104,-0.06637971752589246,-0.11176923048253692,-3.2183301008629914e-09
459,-0.04354853073544486,-1.4366540411703652e-08,-0.07830250367623473,0.6717092249677631,0.08391572084506159,0.18765243671230686,0.20642471068613735,0.1502979067937104,-0.06637971752589246,-0.11176923048253692,-3.2183301008629914e-09
460,-0.04354853073544486,-1.4366540411703652e-08,-0.07830250367623473,0.6717092249677631,0.08391572084506159,0.18765243671230686,0.20642471068613735,0.1502979067937104,-0.06637971752589246,-0.11176923048253692,-3.2183301008629914e-09
461,-0.04354853073544486,-1.4366540411703652e-08,-0.07830250367623473,0.6717092249677631,0.08391572084506159,0.18765243671230686,0.20642471068613735,0.1502979067937104,-0.06637971752589246,-0.11176923048253692,-3.2183301008629914e-09
462,-0.04354853073544486,-1.4366540411703652e-08,-0.07830250367623473,0.6717092249677631,0.08391572084506159,0.18765243671230686,0.20642471068613735,0.1502979067937104,-0.06637971752589246,-0.11176923048253692,-3.2183301008629914e-09
463,-0.04354853073544486,-1.4366540411703652e-08,-0.07830250367623473,0.6717092249677631,0.08391572084506159,0.18765243671230686,0.20642471068613735,0.1502979067937104,-0.06637971752589246,-0.11176923048253692,-3.2183301008629914e-09
464,-0.04354853073544486,-1.4366540411703652e-08,-0.07830250367623473,0.6717092249677631,0.08391572084506159,0.18765243671230686,0.20642471068613735,0.1502979067937104,-0.06637971752589246,-0.11176923048253692,-3.2183301008629914e-09
465,-0.04354853073544486,-1.4366540411703652e-08,-0.07830250367623473,0.6717092249677631,0.08391572084506159,0.18765243671230686,0.20642471068613735,0.1502979067937104,-0.06637971752589246,-0.11176923048253692,-3.2183301008629914e-09
466,-0.04354853073544486,-1.4366540411703652e-08,-0.07830250367623473,0.6717092249677631,0.08391572084506159,0.18765243671230686,0.20642471068613735,0.1502979067937104,-0.06637971752589246,-0.11176923048253692,-3.2183301008629914e-09
467,-0.04354853073544486,-1.4366540411703652e-08,-0.07830250367623473,0.6717092249677631,0.08391572084506159,0.18765243671230686,0.20642471068613735,0.1502979067937104,-0.06637971752589246,-0.11176923048253692,-3.2183301008629914e-09
468,-0.04354853073544486,-1.4366540411703652e-08,-0.07830250367623473,0.6717092249677631,0.08391572084506159,0.18765243671230686,0.20642471068613735,0.1502979067937104,-0.06637971752589246,-0.11176923048253692,-3.2183301008629914e-09
469,-0.04354853073544486,-1.4366540411703652e-08,-0.07830250367623473,0.6717092249677631,0.08391572084506159,0.18765243671230686,0.20642471068613735,0.1502979067937104,-0.06637971752589246,-0.11176923048253692,-3.2183301008629914e-09
470,-0.04354853073544486,-1.4366540411703652e-08,-0.07830250367623473,0.6717092249677631,0.08391572084506159,0.18765243671230686,0.20642471068613735,0.1502979067937104,-0.06637971752589246,-0.11176923048253692,-3.2183301008629914e-09
471,-0.04354853073544486,-1.4366540411703652e-08,-0.07830250367623473,0.6717092249677631,0.08391572084506159,0.18765243671230686,0.20642471068613735,0.1502979067937104,-0.06637971752589246,-0.11176923048253692,-3.2183301008629914e-09
472,-0.04354853073544486,-1.4366540411703652e-08,-0.07830250367623473,0.6717092249677631,0.08391572084506159,0.18765243671230686,0.20642471068613735,0.1502979067937104,-0.06637971752589246,-0.11176923048253692,-3.2183301008629914e-09
473,-0.04354853073544486,-1.4366540411703652e-08,-0.07830250367623473,0.6717092249677631,0.08391572084506159,0.18765243671230686,0.20642471068613735,0.1502979067937104,-0.06637971752589246,-0.11176923048253692,-3.2183301008629914e-09
474,-0.04354853073544486,-1.4366540411703652e-08,-0.07830250367623473,0.6717092249677631,0.08391572084506159,0.18765243671230686,0.20642471068613735,0.1502979067937104,-0.06637971752589246,-0.11176923048253692,-3.2183301008629914e-09
475,-0.04354853073544486,-1.4366540411703652e-08,-0.07830250367623473,0.6717092249677631,0.08391572084506159,0.18765243671230686,0.20642471068613735,0.1502979067937104,-0.06637971752589246,-0.11176923048253692,-3.2183301008629914e-09
476,-0.04354853073544486,-1.4366540411703652e-08,-0.07830250367623473,0.6717092249677631,0.08391572084506159,0.18765243671230686,0.20642471068613735,0.1502979067937104,-0.06637971752589246,-0.11176923048253692,-3.2183301008629914e-09
477,-0.04354853073544486,-1.4366540411703652e-08,-0.07830250367623473,0.6717092249677631,0.08391572084506159,0.18765243671230686,0.20642471068613735,0.1502979067937104,-0.06637971752589246,-0.11176923048253692,-3.2183301008629914e-09
478,-0.04354853073544486,-1.4366540411703652e-08,-0.07830250367623473,0.6717092249677631,0.08391572084506159,0.18765243671230686,0.20642471068613735,0.1502979067937104,-0.06637971752589246,-0.11176923048253692,-3.2183301008629914e-09
479,-0.04354853073544486,-1.4366540411703652e-08,-0.07830250367623473,0.6717092249677631,0.08391572084506159,0.18765243671230686,0.20642471068613735,0.1502979067937104,-0.06637971752589246,-0.11176923048253692,-3.2183301008629914e-09
480,-0.04354853073544486,-1.4366540411703652e-08,-0.07830250367623473,0.6717092249677631,0.08391572084506159,0.18765243671230686,0.20642471068613735,0.1502979067937104,-0.06637971752589246,-0.11176923048253692,-3.2183301008629914e-09
481,-0.04354853073544486,-1.4366540411703652e-08,-0.07830250367623473,0.6717092249677631,0.08391572084506159,0.18765243671230686,0.20642471068613735,0.1502979067937104,-0.06637971752589246,-0.11176923048253692,-3.2183301008629914e-09
482,-0.04354853073544486,-1.4366540411703652e-08,-0.07830250367623473,0.6717092249677631,0.08391572084506159,0.18765243671230686,0.20642471068613735,0.1502979067937104,-0.06637971752589246,-0.11176923048253692,-3.2183301008629914e-09
483,-0.04354853073544486,-1.4366540411703652e-08,-0.07830250367623473,0.6717092249677631,0.08391572084506159,0.18765243671230686,0.20642471068613735,0.1502979067937104,-0.06637971752589246,-0.11176923048253692,-3.2183301008629914e-09
484,-0.04354853073544486,-1.4366540411703652e-08,-0.07830250367623473,0.6717092249677631,0.08391572084506159,0.18765243671230686,0.20642471068613735,0.1502979067937104,-0.06637971752589246,-0.11176923048253692,-3.2183301008629914e-09
485,0.09684810713742126,0.047820941624005506,0.12234535426894651,0.12540061484113374,0.06745626387040926,0.07102676851157576,0.20210010251089536,0.11024885226057132,0.23863682864405156,-0.28021085342224283,0.19832701975323244
486,0.09684810713742126,0.047820941624005506,0.12234535426894651,0.12540061484113374,0.06745626387040926,0.07102676851157576,0.20210010251089536,0.11024885226057132,0.23863682864405156,-0.28021085342224283,0.19832701975323244
487,0.09684810713742126,0.047820941624005506,0.12234535426894651,0.12540061484113374,0.06745626387040926,0.07102676851157576,0.20210010251089536,0.11024885226057132,0.23863682864405156,-0.28021085342224283,0.19832701975323244
488,0.09684810713742126,0.047820941624005506,0.12234535426894651,0.12540061484113374,0.06745626387040926,0.07102676851157576,0.20210010251089536,0.11024885226057132,0.23863682864405156,-0.28021085342224283,0.19832701975323244
489,0.09684810713742126,0.047820941624005506,0.12234535426894651,0.12540061484113374,0.06745626387040926,0.07102676851157576,0.20210010251089536,0.11024885226057132,0.23863682864405156,-0.28021085342224283,0.19832701975323244
490,0.09684810713742126,0.047820941624005506,0.12234535426894651,0.12540061484113374,0.06745626387040926,0.07102676851157576,0.20210010251089536,0.11024885226057132,0.23863682864405156,-0.28021085342224283,0.19832701975323244
491,0.09684810713742126,0.047820941624005506,0.12234535426894651,0.12540061484113374,0.06745626387040926,0.07102676851157576,0.20210010251089536,0.11024885226057132,0.23863682864405156,-0.28021085342224283,0.19832701975323244
492,0.09684810713742126,0.047820941624005506,0.12234535426894651,0.12540061484113374,0.06745626387040926,0.07102676851157576,0.20210010251089536,0.11024885226057132,0.23863682864405156,-0.28021085342224283,0.19832701975323244
493,0.09684810713742126,0.047820941624005506,0.12234535426894651,0.12540061484113374,0.06745626387040926,0.07102676851157576,0.20210010251089536,0.11024885226057132,0.23863682864405156,-0.28021085342224283,0.19832701975323244
494,0.09684810713742126,0.047820941624005506,0.12234535426894651,0.12540061484113374,0.06745626387040926,0.07102676851157576,0.20210010251089536,0.11024885226057132,0.23863682864405156,-0.28021085342224283,0.19832701975323244
495,0.09684810713742126,0.047820941624005506,0.12234535426894651,0.12540061484113374,0.06745626387040926,0.07102676851157576,0.20210010251089536,0.11024885226057132,0.23863682864405156,-0.28021085342224283,0.19832701975323244
496,0.09684810713742126,0.047820941624005506,0.12234535426894651,0.12540061484113374,0.06745626387040926,0.07102676851157576,0.20210010251089536,0.11024885226057132,0.23863682864405156,-0.28021085342224283,0.19832701975323244
497,0.09684810713742126,0.047820941624005506,0.12234535426894651,0.12540061484113374,0.06745626387040926,0.07102676851157576,0.20210010251089536,0.11024885226057132,0.23863682864405156,-0.28021085342224283,0.19832701975323244
498,0.09684810713742126,0.047820941624005506,0.12234535426894651,0.12540061484113374,0.06745626387040926,0.07102676851157576,0.20210010251089536,0.11024885226057132,0.23863682864405156,-0.28021085342224283,0.19832701975323244
499,0.09684810713742126,0.047820941624005506,0.12234535426894651,0.12540061484113374,0.06745626387040926,0.07102676851157576,0.20210010251089536,0.11024885226057132,0.23863682864405156,-0.28021085342224283,0.19832701975323244
500,0.09684810713742126,0.047820941624005506,0.12234535426894651,0.12540061484113374,0.06745626387040926,0.07102676851157576,0.20210010251089536,0.11024885226057132,0.23863682864405156,-0.28021085342224283,0.19832701975323244
501,0.09684810713742126,0.047820941624005506,0.12234535426894651,0.12540061484113374,0.06745626387040926,0.07102676851157576,0.20210010251089536,0.11024885226057132,0.23863682864405156,-0.28021085342224283,0.19832701975323244
502,0.09684810713742126,0.047820941624005506,0.12234535426894651,0.12540061484113374,0.06745626387040926,0.07102676851157576,0.20210010251089536,0.11024885226057132,0.23863682864405156,-0.28021085342224283,0.19832701975323244
503,0.09684810713742126,0.047820941624005506,0.12234535426894651,0.12540061484113374,0.06745626387040926,0.07102676851157576,0.20210010251089536,0.11024885226057132,0.23863682864405156,-0.28021085342224283,0.19832701975323244
504,0.09684810713742126,0.047820941624005506,0.12234535426894651,0.12540061484113374,0.06745626387040926,0.07102676851157576,0.20210010251089536,0.11024885226057132,0.23863682864405156,-0.28021085342224283,0.19832701975323244
505,0.09684810713742126,0.047820941624005506,0.12234535426894651,0.12540061484113374,0.06745626387040926,0.07102676851157576,0.20210010251089536,0.11024885226057132,0.23863682864405156,-0.28021085342224283,0.19832701975323244
506,0.09684810713742126,0.047820941624005506,0.12234535426894651,0.12540061484113374,0.06745626387040926,0.07102676851157576,0.20210010251089536,0.11024885226057132,0.23863682864405156,-0.28021085342224283,0.19832701975323244
507,0.09684810713742126,0.047820941624005506,0.12234535426894651,0.12540061484113374,0.06745626387040926,0.07102676851157576,0.20210010251089536,0.11024885226057132,0.23863682864405156,-0.28021085342224283,0.19832701975323244
508,0.09684810713742126,0.047820941624005506,0.12234535426894651,0.12540061484113374,0.06745626387040926,0.07102676851157576,0.20210010251089536,0.11024885226057132,0.23863682864405156,-0.28021085342224283,0.19832701975323244
509,0.09684810713742126,0.047820941624005506,0.12234535426894651,0.12540061484113374,0.06745626387040926,0.07102676851157576,0.20210010251089536,0.11024885226057132,0.23863682864405156,-0.28021085342224283,0.19832701975323244
510,0.09684810713742126,0.047820941624005506,0.12234535426894651,0.12540061484113374,0.06745626387040926,0.07102676851157576,0.20210010251089536,0.11024885226057132,0.23863682864405156,-0.28021085342224283,0.19832701975323244
511,0.09684810713742126,0.047820941624005506,0.12234535426894651,0.12540061484113374,0.06745626387040926,0.07102676851157576,0.20210010251089536,0.11024885226057132,0.23863682864405156,-0.28021085342224283,0.19832701975323244
512,0.09684810713742126,0.047820941624005506,0.12234535426894651,0.12540061484113374,0.06745626387040926,0.07102676851157576,0.20210010251089536,0.11024885226057132,0.23863682864405156,-0.28021085342224283,0.19832701975323244
513,0.09684810713742126,0.047820941624005506,0.12234535426894651,0.12540061484113374,0.06745626387040926,0.07102676851157576,0.20210010251089536,0.11024885226057132,0.23863682864405156,-0.28021085342224283,0.19832701975323244
514,0.09684810713742126,0.047820941624005506,0.12234535426894651,0.12540061484113374,0.06745626387040926,0.07102676851157576,0.20210010251089536,0.11024885226057132,0.23863682864405156,-0.28021085342224283,0.19832701975323244
515,0.09684810713742126,0.047820941624005506,0.12234535426894651,0.12540061484113374,0.06745626387040926,0.07102676851157576,0.20210010251089536,0.11024885226057132,0.23863682864405156,-0.28021085342224283,0.19832701975323244
516,0.026236094738137265,0.4315250174394233,-0.01720545816629899,-0.02359605805230898,0.02883059582783934,0.023231043639030707,0.07176362106263223,0.014141551341384366,0.4801665061861221,0.02310659810471,-0.05819951212067113
517,0.026236094738137265,0.4315250174394233,-0.01720545816629899,-0.02359605805230898,0.02883059582783934,0.023231043639030707,0.07176362106263223,0.014141551341384366,0.4801665061861221,0.02310659810471,-0.05819951212067113
518,0.026236094738137265,0.4315250174394233,-0.01720545816629899,-0.02359605805230898,0.02883059582783934,0.023231043639030707,0.07176362106263223,0.014141551341384366,0.4801665061861221,0.02310659810471,-0.05819951212067113
519,0.026236094738137265,0.4315250174394233,-0.01720545816629899,-0.02359605805230898,0.02883059582783934,0.023231043639030707,0.07176362106263223,0.014141551341384366,0.4801665061861221,0.02310659810471,-0.05819951212067113
520,0.026236094738137265,0.4315250174394233,-0.01720545816629899,-0.02359605805230898,0.02883059582783934,0.023231043639030707,0.07176362106263223,0.014141551341384366,0.4801665061861221,0.02310659810471,-0.05819951212067113
521,0.026236094738137265,0.4315250174394233,-0.01720545816629899,-0.02359605805230898,0.02883059582783934,0.023231043639030707,0.07176362106263223,0.014141551341384366,0.4801665061861221,0.02310659810471,-0.05819951212067113
522,0.026236094738137265,0.4315250174394233,-0.01720545816629899,-0.02359605805230898,0.02883059582783934,0.023231043639030707,0.07176362106263223,0.014141551341384366,0.4801665061861221,0.02310659810471,-0.05819951212067113
523,0.026236094738137265,0.4315250174394233,-0.01720545816629899,-0.02359605805230898,0.02883059582783934,0.023231043639030707,0.07176362106263223,0.014141551341384366,0.4801665061861221,0.02310659810471,-0.05819951212067113
524,0.026236094738137265,0.4315250174394233,-0.01720545816629899,-0.02359605805230898,0.02883059582783934,0.023231043639030707,0.07176362106263223,0.014141551341384366,0.4801665061861221,0.02310659810471,-0.05819951212067113
525,0.026236094738137265,0.4315250174394233,-0.01720545816629899,-0.02359605805230898,0.02883059582783934,0.023231043639030707,0.07176362106263223,0.014141551341384366,0.4801665061861221,0.02310659810471,-0.05819951212067113
526,0.026236094738137265,0.4315250174394233,-0.01720545816629899,-0.02359605805230898,0.02883059582783934,0.023231043639030707,0.07176362106263223,0.014141551341384366,0.4801665061861221,0.02310659810471,-0.05819951212067113
527,0.026236094738137265,0.4315250174394233,-0.01720545816629899,-0.02359605805230898,0.02883059582783934,0.023231043639030707,0.07176362106263223,0.014141551341384366,0.4801665061861221,0.02310659810471,-0.05819951212067113
528,0.026236094738137265,0.4315250174394233,-0.01720545816629899,-0.02359605805230898,0.02883059582783934,0.023231043639030707,0.07176362106263223,0.014141551341384366,0.4801665061861221,0.02310659810471,-0.05819951212067113
529,0.026236094738137265,0.4315250174394233,-0.01720545816629899,-0.02359605805230898,0.02883059582783934,0.023231043639030707,0.07176362106263223,0.014141551341384366,0.4801665061861221,0.02310659810471,-0.05819951212067113
530,0.026236094738137265,0.4315250174394233,-0.01720545816629899,-0.02359605805230898,0.02883059582783934,0.023231043639030707,0.07176362106263223,0.014141551341384366,0.4801665061861221,0.02310659810471,-0.05819951212067113
531,0.026236094738137265,0.4315250174394233,-0.01720545816629899,-0.02359605805230898,0.02883059582783934,0.023231043639030707,0.07176362106263223,0.014141551341384366,0.4801665061861221,0.02310659810471,-0.05819951212067113
532,0.026236094738137265,0.4315250174394233,-0.01720545816629899,-0.02359605805230898,0.02883059582783934,0.023231043639030707,0.07176362106263223,0.014141551341384366,0.4801665061861221,0.02310659810471,-0.05819951212067113
533,0.026236094738137265,0.4315250174394233,-0.01720545816629899,-0.02359605805230898,0.02883059582783934,0.023231043639030707,0.07176362106263223,0.014141551341384366,0.4801665061861221,0.02310659810471,-0.05819951212067113
534,0.026236094738137265,0.4315250174394233,-0.01720545816629899,-0.02359605805230898,0.02883059582783934,0.023231043639030707,0.07176362106263223,0.014141551341384366,0.4801665061861221,0.02310659810471,-0.05819951212067113
535,0.026236094738137265,0.4315250174394233,-0.01720545816629899,-0.02359605805230898,0.02883059582783934,0.023231043639030707,0.07176362106263223,0.014141551341384366,0.4801665061861221,0.02310659810471,-0.05819951212067113
536,0.026236094738137265,0.4315250174394233,-0.01720545816629899,-0.02359605805230898,0.02883059582783934,0.023231043639030707,0.07176362106263223,0.014141551341384366,0.4801665061861221,0.02310659810471,-0.05819951212067113
537,0.026236094738137265,0.4315250174394233,-0.01720545816629899,-0.02359605805230898,0.02883059582783934,0.023231043639030707,0.07176362106263223,0.014141551341384366,0.4801665061861221,0.02310659810471,-0.05819951212067113
538,0.026236094738137265,0.4315250174394233,-0.01720545816629899,-0.02359605805230898,0.02883059582783934,0.023231043639030707,0.07176362106263223,0.014141551341384366,0.4801665061861221,0.02310659810471,-0.05819951212067113
539,0.026236094738137265,0.4315250174394233,-0.01720545816629899,-0.02359605805230898,0.02883059582783934,0.023231043639030707,0.07176362106263223,0.014141551341384366,0.4801665061861221,0.02310659810471,-0.05819951212067113
540,0.026236094738137265,0.4315250174394233,-0.01720545816629899,-0.02359605805230898,0.02883059582783934,0.023231043639030707,0.07176362106263223,0.014141551341384366,0.4801665061861221,0.02310659810471,-0.05819951212067113
541,0.026236094738137265,0.4315250174394233,-0.01720545816629899,-0.02359605805230898,0.02883059582783934,0.023231043639030707,0.07176362106263223,0.014141551341384366,0.4801665061861221,0.02310659810471,-0.05819951212067113
542,0.026236094738137265,0.4315250174394233,-0.01720545816629899,-0.02359605805230898,0.02883059582783934,0.023231043639030707,0.07176362106263223,0.014141551341384366,0.4801665061861221,0.02310659810471,-0.05819951212067113
543,0.026236094738137265,0.4315250174394233,-0.01720545816629899,-0.02359605805230898,0.02883059582783934,0.023231043639030707,0.07176362106263223,0.014141551341384366,0.4801665061861221,0.02310659810471,-0.05819951212067113
544,0.026236094738137265,0.4315250174394233,-0.01720545816629899,-0.02359605805230898,0.02883059582783934,0.023231043639030707,0.07176362106263223,0.014141551341384366,0.4801665061861221,0.02310659810471,-0.05819951212067113
545,0.026236094738137265,0.4315250174394233,-0.01720545816629899,-0.02359605805230898,0.02883059582783934,0.023231043639030707,0.07176362106263223,0.014141551341384366,0.4801665061861221,0.02310659810471,-0.05819951212067113
546,0.04405958454435971,0.01607389010610494,0.792441448960554,0.008519301038979587,0.015775494181907105,0.017603861155101333,0.019588908901047652,0.009426291590498563,0.01155398245702588,0.01845523333075291,0.046502003733668376
547,0.04405958454435971,0.01607389010610494,0.792441448960554,0.008519301038979587,0.015775494181907105,0.017603861155101333,0.019588908901047652,0.009426291590498563,0.01155398245702588,0.01845523333075291,0.046502003733668376
548,0.04405958454435971,0.01607389010610494,0.792441448960554,0.008519301038979587,0.015775494181907105,0.017603861155101333,0.019588908901047652,0.009426291590498563,0.01155398245702588,0.01845523333075291,0.046502003733668376
549,0.04405958454435971,0.01607389010610494,0.792441448960554,0.008519301038979587,0.015775494181907105,0.017603861155101333,0.019588908901047652,0.009426291590498563,0.01155398245702588,0.01845523333075291,0.046502003733668376
550,0.04405958454435971,0.01607389010610494,0.792441448960554,0.008519301038979587,0.015775494181907105,0.017603861155101333,0.019588908901047652,0.009426291590498563,0.01155398245702588,0.01845523333075291,0.046502003733668376
551,0.04405958454435971,0.01607389010610494,0.792441448960554,0.008519301038979587,0.015775494181907105,0.017603861155101333,0.019588908901047652,0.009426291590498563,0.01155398245702588,0.01845523333075291,0.046502003733668376
552,0.04405958454435971,0.01607389010610494,0.792441448960554,0.008519301038979587,0.015775494181907105,0.017603861155101333,0.019588908901047652,0.009426291590498563,0.01155398245702588,0.01845523333075291,0.046502003733668376
553,0.04405958454435971,0.01607389010610494,0.792441448960554,0.008519301038979587,0.015775494181907105,0.017603861155101333,0.019588908901047652,0.009426291590498563,0.01155398245702588,0.01845523333075291,0.046502003733668376
554,0.04405958454435971,0.01607389010610494,0.792441448960554,0.008519301038979587,0.015775494181907105,0.017603861155101333,0.019588908901047652,0.009426291590498563,0.01155398245702588,0.01845523333075291,0.046502003733668376
555,0.04405958454435971,0.01607389010610494,0.792441448960554,0.008519301038979587,0.015775494181907105,0.017603861155101333,0.019588908901047652,0.009426291590498563,0.01155398245702588,0.01845523333075291,0.046502003733668376
556,0.04405958454435971,0.01607389010610494,0.792441448960554,0.008519301038979587,0.015775494181907105,0.017603861155101333,0.019588908901047652,0.009426291590498563,0.01155398245702588,0.01845523333075291,0.046502003733668376
557,0.04405958454435971,0.01607389010610494,0.792441448960554,0.008519301038979587,0.015775494181907105,0.017603861155101333,0.019588908901047652,0.009426291590498563,0.01155398245702588,0.01845523333075291,0.046502003733668376
558,0.04405958454435971,0.01607389010610494,0.792441448960554,0.008519301038979587,0.015775494181907105,0.017603861155101333,0.019588908901047652,0.009426291590498563,0.01155398245702588,0.01845523333075291,0.046502003733668376
559,0.04405958454435971,0.01607389010610494,0.792441448960554,0.008519301038979587,0.015775494181907105,0.017603861155101333,0.019588908901047652,0.009426291590498563,0.01155398245702588,0.01845523333075291,0.046502003733668376
560,0.04405958454435971,0.01607389010610494,0.792441448960554,0.008519301038979587,0.015775494181907105,0.017603861155101333,0.019588908901047652,0.009426291590498563,0.01155398245702588,0.01845523333075291,0.046502003733668376
561,0.04405958454435971,0.01607389010610494,0.792441448960554,0.008519301038979587,0.015775494181907105,0.017603861155101333,0.019588908901047652,0.009426291590498563,0.01155398245702588,0.01845523333075291,0.046502003733668376
562,0.04405958454435971,0.01607389010610494,0.792441448960554,0.008519301038979587,0.015775494181907105,0.017603861155101333,0.019588908901047652,0.009426291590498563,0.01155398245702588,0.01845523333075291,0.046502003733668376
563,0.04405958454435971,0.01607389010610494,0.792441448960554,0.008519301038979587,0.015775494181907105,0.017603861155101333,0.019588908901047652,0.009426291590498563,0.01155398245702588,0.01845523333075291,0.046502003733668376
564,0.04405958454435971,0.01607389010610494,0.792441448960554,0.008519301038979587,0.015775494181907105,0.017603861155101333,0.019588908901047652,0.009426291590498563,0.01155398245702588,0.01845523333075291,0.046502003733668376
565,0.04405958454435971,0.01607389010610494,0.792441448960554,0.008519301038979587,0.015775494181907105,0.017603861155101333,0.019588908901047652,0.009426291590498563,0.01155398245702588,0.01845523333075291,0.046502003733668376
566,0.04405958454435971,0.01607389010610494,0.792441448960554,0.008519301038979587,0.015775494181907105,0.017603861155101333,0.019588908901047652,0.009426291590498563,0.01155398245702588,0.01845523333075291,0.046502003733668376
567,0.04405958454435971,0.01607389010610494,0.792441448960554,0.008519301038979587,0.015775494181907105,0.017603861155101333,0.019588908901047652,0.009426291590498563,0.01155398245702588,0.01845523333075291,0.046502003733668376
568,0.04405958454435971,0.01607389010610494,0.792441448960554,0.008519301038979587,0.015775494181907105,0.017603861155101333,0.019588908901047652,0.009426291590498563,0.01155398245702588,0.01845523333075291,0.046502003733668376
569,0.04405958454435971,0.01607389010610494,0.792441448960554,0.008519301038979587,0.015775494181907105,0.017603861155101333,0.019588908901047652,0.009426291590498563,0.01155398245702588,0.01845523333075291,0.046502003733668376
570,0.04405958454435971,0.01607389010610494,0.792441448960554,0.008519301038979587,0.015775494181907105,0.017603861155101333,0.019588908901047652,0.009426291590498563,0.01155398245702588,0.01845523333075291,0.046502003733668376
571,0.04405958454435971,0.01607389010610494,0.792441448960554,0.008519301038979587,0.015775494181907105,0.017603861155101333,0.019588908901047652,0.009426291590498563,0.01155398245702588,0.01845523333075291,0.046502003733668376
572,0.04405958454435971,0.01607389010610494,0.792441448960554,0.008519301038979587,0.015775494181907105,0.017603861155101333,0.019588908901047652,0.009426291590498563,0.01155398245702588,0.01845523333075291,0.046502003733668376
573,0.04405958454435971,0.01607389010610494,0.792441448960554,0.008519301038979587,0.015775494181907105,0.017603861155101333,0.019588908901047652,0.009426291590498563,0.01155398245702588,0.01845523333075291,0.046502003733668376
574,0.04405958454435971,0.01607389010610494,0.792441448960554,0.008519301038979587,0.015775494181907105,0.017603861155101333,0.019588908901047652,0.009426291590498563,0.01155398245702588,0.01845523333075291,0.046502003733668376
575,0.04405958454435971,0.01607389010610494,0.792441448960554,0.008519301038979587,0.015775494181907105,0.017603861155101333,0.019588908901047652,0.009426291590498563,0.01155398245702588,0.01845523333075291,0.046502003733668376
576,0.04405958454435971,0.01607389010610494,0.792441448960554,0.008519301038979587,0.015775494181907105,0.017603861155101333,0.019588908901047652,0.009426291590498563,0.01155398245702588,0.01845523333075291,0.046502003733668376
577,0.042018823831451814,0.06460084088426818,0.5467061194900232,0.12165560660094893,0.05292238854374025,0.07249921457214188,-0.07485308255641543,-0.07248187406925967,0.3943508330031165,-0.07347547519034849,-0.07394339510966744
578,0.042018823831451814,0.06460084088426818,0.5467061194900232,0.12165560660094893,0.05292238854374025,0.07249921457214188,-0.07485308255641543,-0.07248187406925967,0.3943508330031165,-0.07347547519034849,-0.07394339510966744
579,0.042018823831451814,0.06460084088426818,0.5467061194900232,0.12165560660094893,0.05292238854374025,0.07249921457214188,-0.07485308255641543,-0.07248187406925967,0.3943508330031165,-0.07347547519034849,-0.07394339510966744
580,0.042018823831451814,0.06460084088426818,0.5467061194900232,0.12165560660094893,0.05292238854374025,0.07249921457214188,-0.07485308255641543,-0.07248187406925967,0.3943508330031165,-0.07347547519034849,-0.07394339510966744
581,0.042018823831451814,0.06460084088426818,0.5467061194900232,0.12165560660094893,0.05292238854374025,0.07249921457214188,-0.07485308255641543,-0.07248187406925967,0.3943508330031165,-0.07347547519034849,-0.07394339510966744
582,0.042018823831451814,0.06460084088426818,0.5467061194900232,0.12165560660094893,0.05292238854374025,0.07249921457214188,-0.07485308255641543,-0.07248187406925967,0.3943508330031165,-0.07347547519034849,-0.07394339510966744
583,0.042018823831451814,0.06460084088426818,0.5467061194900232,0.12165560660094893,0.05292238854374025,0.07249921457214188,-0.07485308255641543,-0.07248187406925967,0.3943508330031165,-0.07347547519034849,-0.07394339510966744
584,0.042018823831451814,0.06460084088426818,0.5467061194900232,0.12165560660094893,0.05292238854374025,0.07249921457214188,-0.07485308255641543,-0.07248187406925967,0.3943508330031165,-0.07347547519034849,-0.07394339510966744
585,0.042018823831451814,0.06460084088426818,0.5467061194900232,0.12165560660094893,0.05292238854374025,0.07249921457214188,-0.07485308255641543,-0.07248187406925967,0.3943508330031165,-0.07347547519034849,-0.07394339510966744
586,0.042018823831451814,0.06460084088426818,0.5467061194900232,0.12165560660094893,0.05292238854374025,0.07249921457214188,-0.07485308255641543,-0.07248187406925967,0.3943508330031165,-0.07347547519034849,-0.07394339510966744
587,0.042018823831451814,0.06460084088426818,0.5467061194900232,0.12165560660094893,0.05292238854374025,0.07249921457214188,-0.07485308255641543,-0.07248187406925967,0.3943508330031165,-0.07347547519034849,-0.07394339510966744
588,0.042018823831451814,0.06460084088426818,0.5467061194900232,0.12165560660094893,0.05292238854374025,0.07249921457214188,-0.07485308255641543,-0.07248187406925967,0.3943508330031165,-0.07347547519034849,-0.07394339510966744
589,0.042018823831451814,0.06460084088426818,0.5467061194900232,0.12165560660094893,0.05292238854374025,0.07249921457214188,-0.07485308255641543,-0.07248187406925967,0.3943508330031165,-0.07347547519034849,-0.07394339510966744
590,0.042018823831451814,0.06460084088426818,0.5467061194900232,0.12165560660094893,0.05292238854374025,0.07249921457214188,-0.07485308255641543,-0.07248187406925967,0.3943508330031165,-0.07347547519034849,-0.07394339510966744
591,0.042018823831451814,0.06460084088426818,0.5467061194900232,0.12165560660094893,0.05292238854374025,0.07249921457214188,-0.07485308255641543,-0.07248187406925967,0.3943508330031165,-0.07347547519034849,-0.07394339510966744
592,0.042018823831451814,0.06460084088426818,0.5467061194900232,0.12165560660094893,0.05292238854374025,0.07249921457214188,-0.07485308255641543,-0.07248187406925967,0.3943508330031165,-0.07347547519034849,-0.07394339510966744
593,0.042018823831451814,0.06460084088426818,0.5467061194900232,0.12165560660094893,0.05292238854374025,0.07249921457214188,-0.07485308255641543,-0.07248187406925967,0.3943508330031165,-0.07347547519034849,-0.07394339510966744
594,0.042018823831451814,0.06460084088426818,0.5467061194900232,0.12165560660094893,0.05292238854374025,0.07249921457214188,-0.07485308255641543,-0.07248187406925967,0.3943508330031165,-0.07347547519034849,-0.07394339510966744
595,0.042018823831451814,0.06460084088426818,0.5467061194900232,0.12165560660094893,0.05292238854374025,0.07249921457214188,-0.07485308255641543,-0.07248187406925967,0.3943508330031165,-0.07347547519034849,-0.07394339510966744
596,0.042018823831451814,0.06460084088426818,0.5467061194900232,0.12165560660094893,0.05292238854374025,0.07249921457214188,-0.07485308255641543,-0.07248187406925967,0.3943508330031165,-0.07347547519034849,-0.07394339510966744
597,0.042018823831451814,0.06460084088426818,0.5467061194900232,0.12165560660094893,0.05292238854374025,0.07249921457214188,-0.07485308255641543,-0.07248187406925967,0.3943508330031165,-0.07347547519034849,-0.07394339510966744
598,0.042018823831451814,0.06460084088426818,0.5467061194900232,0.12165560660094893,0.05292238854374025,0.07249921457214188,-0.07485308255641543,-0.07248187406925967,0.3943508330031165,-0.07347547519034849,-0.07394339510966744
599,0.042018823831451814,0.06460084088426818,0.5467061194900232,0.12165560660094893,0.05292238854374025,0.07249921457214188,-0.07485308255641543,-0.07248187406925967,0.3943508330031165,-0.07347547519034849,-0.07394339510966744
600,0.042018823831451814,0.06460084088426818,0.5467061194900232,0.12165560660094893,0.05292238854374025,0.07249921457214188,-0.07485308255641543,-0.07248187406925967,0.3943508330031165,-0.07347547519034849,-0.07394339510966744
601,0.042018823831451814,0.06460084088426818,0.5467061194900232,0.12165560660094893,0.05292238854374025,0.07249921457214188,-0.07485308255641543,-0.07248187406925967,0.3943508330031165,-0.07347547519034849,-0.07394339510966744
602,0.042018823831451814,0.06460084088426818,0.5467061194900232,0.12165560660094893,0.05292238854374025,0.07249921457214188,-0.07485308255641543,-0.07248187406925967,0.3943508330031165,-0.07347547519034849,-0.07394339510966744
603,0.042018823831451814,0.06460084088426818,0.5467061194900232,0.12165560660094893,0.05292238854374025,0.07249921457214188,-0.07485308255641543,-0.07248187406925967,0.3943508330031165,-0.07347547519034849,-0.07394339510966744
604,0.042018823831451814,0.06460084088426818,0.5467061194900232,0.12165560660094893,0.05292238854374025,0.07249921457214188,-0.07485308255641543,-0.07248187406925967,0.3943508330031165,-0.07347547519034849,-0.07394339510966744
605,0.042018823831451814,0.06460084088426818,0.5467061194900232,0.12165560660094893,0.05292238854374025,0.07249921457214188,-0.07485308255641543,-0.07248187406925967,0.3943508330031165,-0.07347547519034849,-0.07394339510966744
606,0.042018823831451814,0.06460084088426818,0.5467061194900232,0.12165560660094893,0.05292238854374025,0.07249921457214188,-0.07485308255641543,-0.07248187406925967,0.3943508330031165,-0.07347547519034849,-0.07394339510966744
607,0.042018823831451814,0.06460084088426818,0.5467061194900232,0.12165560660094893,0.05292238854374025,0.07249921457214188,-0.07485308255641543,-0.07248187406925967,0.3943508330031165,-0.07347547519034849,-0.07394339510966744
608,0.02804660387412491,0.15135504969460428,0.21707849301709786,0.0321964586614681,-0.023948544598758576,0.13863701840068904,0.14626203115310765,0.04042908501431797,-0.02352522465936428,0.2764001726836575,0.01706885675905526
609,0.02804660387412491,0.15135504969460428,0.21707849301709786,0.0321964586614681,-0.023948544598758576,0.13863701840068904,0.14626203115310765,0.04042908501431797,-0.02352522465936428,0.2764001726836575,0.01706885675905526
610,0.02804660387412491,0.15135504969460428,0.21707849301709786,0.0321964586614681,-0.023948544598758576,0.13863701840068904,0.14626203115310765,0.04042908501431797,-0.02352522465936428,0.2764001726836575,0.01706885675905526
611,0.02804660387412491,0.15135504969460428,0.21707849301709786,0.0321964586614681,-0.023948544598758576,0.13863701840068904,0.14626203115310765,0.04042908501431797,-0.02352522465936428,0.2764001726836575,0.01706885675905526
612,0.02804660387412491,0.15135504969460428,0.21707849301709786,0.0321964586614681,-0.023948544598758576,0.13863701840068904,0.14626203115310765,0.04042908501431797,-0.02352522465936428,0.2764001726836575,0.01706885675905526
613,0.02804660387412491,0.15135504969460428,0.21707849301709786,0.0321964586614681,-0.023948544598758576,0.13863701840068904,0.14626203115310765,0.04042908501431797,-0.02352522465936428,0.2764001726836575,0.01706885675905526
614,0.02804660387412491,0.15135504969460428,0.21707849301709786,0.0321964586614681,-0.023948544598758576,0.13863701840068904,0.14626203115310765,0.04042908501431797,-0.02352522465936428,0.2764001726836575,0.01706885675905526
615,0.02804660387412491,0.15135504969460428,0.21707849301709786,0.0321964586614681,-0.023948544598758576,0.13863701840068904,0.14626203115310765,0.04042908501431797,-0.02352522465936428,0.2764001726836575,0.01706885675905526
616,0.02804660387412491,0.15135504969460428,0.21707849301709786,0.0321964586614681,-0.023948544598758576,0.13863701840068904,0.14626203115310765,0.04042908501431797,-0.02352522465936428,0.2764001726836575,0.01706885675905526
617,0.02804660387412491,0.15135504969460428,0.21707849301709786,0.0321964586614681,-0.023948544598758576,0.13863701840068904,0.14626203115310765,0.04042908501431797,-0.02352522465936428,0.2764001726836575,0.01706885675905526
618,0.02804660387412491,0.15135504969460428,0.21707849301709786,0.0321964586614681,-0.023948544598758576,0.13863701840068904,0.14626203115310765,0.04042908501431797,-0.02352522465936428,0.2764001726836575,0.01706885675905526
619,0.02804660387412491,0.15135504969460428,0.21707849301709786,0.0321964586614681,-0.023948544598758576,0.13863701840068904,0.14626203115310765,0.04042908501431797,-0.02352522465936428,0.2764001726836575,0.01706885675905526
620,0.02804660387412491,0.15135504969460428,0.21707849301709786,0.0321964586614681,-0.023948544598758576,0.13863701840068904,0.14626203115310765,0.04042908501431797,-0.02352522465936428,0.2764001726836575,0.01706885675905526
621,0.02804660387412491,0.15135504969460428,0.21707849301709786,0.0321964586614681,-0.023948544598758576,0.13863701840068904,0.14626203115310765,0.04042908501431797,-0.02352522465936428,0.2764001726836575,0.01706885675905526
622,0.02804660387412491,0.15135504969460428,0.21707849301709786,0.0321964586614681,-0.023948544598758576,0.13863701840068904,0.14626203115310765,0.04042908501431797,-0.02352522465936428,0.2764001726836575,0.01706885675905526
623,0.02804660387412491,0.15135504969460428,0.21707849301709786,0.0321964586614681,-0.023948544598758576,0.13863701840068904,0.14626203115310765,0.04042908501431797,-0.02352522465936428,0.2764001726836575,0.01706885675905526
624,0.02804660387412491,0.15135504969460428,0.21707849301709786,0.0321964586614681,-0.023948544598758576,0.13863701840068904,0.14626203115310765,0.04042908501431797,-0.02352522465936428,0.2764001726836575,0.01706885675905526
625,0.02804660387412491,0.15135504969460428,0.21707849301709786,0.0321964586614681,-0.023948544598758576,0.13863701840068904,0.14626203115310765,0.04042908501431797,-0.02352522465936428,0.2764001726836575,0.01706885675905526
626,0.02804660387412491,0.15135504969460428,0.21707849301709786,0.0321964586614681,-0.023948544598758576,0.13863701840068904,0.14626203115310765,0.04042908501431797,-0.02352522465936428,0.2764001726836575,0.01706885675905526
627,0.02804660387412491,0.15135504969460428,0.21707849301709786,0.0321964586614681,-0.023948544598758576,0.13863701840068904,0.14626203115310765,0.04042908501431797,-0.02352522465936428,0.2764001726836575,0.01706885675905526
628,0.02804660387412491,0.15135504969460428,0.21707849301709786,0.0321964586614681,-0.023948544598758576,0.13863701840068904,0.14626203115310765,0.04042908501431797,-0.02352522465936428,0.2764001726836575,0.01706885675905526
629,0.02804660387412491,0.15135504969460428,0.21707849301709786,0.0321964586614681,-0.023948544598758576,0.13863701840068904,0.14626203115310765,0.04042908501431797,-0.02352522465936428,0.2764001726836575,0.01706885675905526
630,0.02804660387412491,0.15135504969460428,0.21707849301709786,0.0321964586614681,-0.023948544598758576,0.13863701840068904,0.14626203115310765,0.04042908501431797,-0.02352522465936428,0.2764001726836575,0.01706885675905526
631,0.02804660387412491,0.15135504969460428,0.21707849301709786,0.0321964586614681,-0.023948544598758576,0.13863701840068904,0.14626203115310765,0.04042908501431797,-0.02352522465936428,0.2764001726836575,0.01706885675905526
632,0.02804660387412491,0.15135504969460428,0.21707849301709786,0.0321964586614681,-0.023948544598758576,0.13863701840068904,0.14626203115310765,0.04042908501431797,-0.02352522465936428,0.2764001726836575,0.01706885675905526
633,0.02804660387412491,0.15135504969460428,0.21707849301709786,0.0321964586614681,-0.023948544598758576,0.13863701840068904,0.14626203115310765,0.04042908501431797,-0.02352522465936428,0.2764001726836575,0.01706885675905526
634,0.02804660387412491,0.15135504969460428,0.21707849301709786,0.0321964586614681,-0.023948544598758576,0.13863701840068904,0.14626203115310765,0.04042908501431797,-0.02352522465936428,0.2764001726836575,0.01706885675905526
635,0.02804660387412491,0.15135504969460428,0.21707849301709786,0.0321964586614681,-0.023948544598758576,0.13863701840068904,0.14626203115310765,0.04042908501431797,-0.02352522465936428,0.2764001726836575,0.01706885675905526
636,0.02804660387412491,0.15135504969460428,0.21707849301709786,0.0321964586614681,-0.023948544598758576,0.13863701840068904,0.14626203115310765,0.04042908501431797,-0.02352522465936428,0.2764001726836575,0.01706885675905526
637,0.02804660387412491,0.15135504969460428,0.21707849301709786,0.0321964586614681,-0.023948544598758576,0.13863701840068904,0.14626203115310765,0.04042908501431797,-0.02352522465936428,0.2764001726836575,0.01706885675905526
638,0.0886860040612254,0.09069004364216134,0.3068945942398467,0.23778628390550344,0.2190752843582029,0.13477703777120154,0.08466018525733192,0.06745190343618698,0.06997866332834002,-0.29999858932301743,-1.4106769826543525e-06
639,0.0886860040612254,0.09069004364216134,0.3068945942398467,0.23778628390550344,0.2190752843582029,0.13477703777120154,0.08466018525733192,0.06745190343618698,0.06997866332834002,-0.29999858932301743,-1.4106769826543525e-06
640,0.0886860040612254,0.09069004364216134,0.3068945942398467,0.23778628390550344,0.2190752843582029,0.13477703777120154,0.08466018525733192,0.06745190343618698,0.06997866332834002,-0.29999858932301743,-1.4106769826543525e-06
641,0.0886860040612254,0.09069004364216134,0.3068945942398467,0.23778628390550344,0.2190752843582029,0.13477703777120154,0.08466018525733192,0.06745190343618698,0.06997866332834002,-0.29999858932301743,-1.4106769826543525e-06
642,0.0886860040612254,0.09069004364216134,0.3068945942398467,0.23778628390550344,0.2190752843582029,0.13477703777120154,0.08466018525733192,0.06745190343618698,0.06997866332834002,-0.29999858932301743,-1.4106769826543525e-06
643,0.0886860040612254,0.09069004364216134,0.3068945942398467,0.23778628390550344,0.2190752843582029,0.13477703777120154,0.08466018525733192,0.06745190343618698,0.06997866332834002,-0.29999858932301743,-1.4106769826543525e-06
644,0.0886860040612254,0.09069004364216134,0.3068945942398467,0.23778628390550344,0.2190752843582029,0.13477703777120154,0.08466018525733192,0.06745190343618698,0.06997866332834002,-0.29999858932301743,-1.4106769826543525e-06
645,0.0886860040612254,0.09069004364216134,0.3068945942398467,0.23778628390550344,0.2190752843582029,0.13477703777120154,0.08466018525733192,0.06745190343618698,0.06997866332834002,-0.29999858932301743,-1.4106769826543525e-06
646,0.0886860040612254,0.09069004364216134,0.3068945942398467,0.23778628390550344,0.2190752843582029,0.13477703777120154,0.08466018525733192,0.06745190343618698,0.06997866332834002,-0.29999858932301743,-1.4106769826543525e-06
647,0.0886860040612254,0.09069004364216134,0.3068945942398467,0.23778628390550344,0.2190752843582029,0.13477703777120154,0.08466018525733192,0.06745190343618698,0.06997866332834002,-0.29999858932301743,-1.4106769826543525e-06
648,0.0886860040612254,0.09069004364216134,0.3068945942398467,0.23778628390550344,0.2190752843582029,0.13477703777120154,0.08466018525733192,0.06745190343618698,0.06997866332834002,-0.29999858932301743,-1.4106769826543525e-06
649,0.0886860040612254,0.09069004364216134,0.3068945942398467,0.23778628390550344,0.2190752843582029,0.13477703777120154,0.08466018525733192,0.06745190343618698,0.06997866332834002,-0.29999858932301743,-1.4106769826543525e-06
650,0.0886860040612254,0.09069004364216134,0.3068945942398467,0.23778628390550344,0.2190752843582029,0.13477703777120154,0.08466018525733192,0.06745190343618698,0.06997866332834002,-0.29999858932301743,-1.4106769826543525e-06
651,0.0886860040612254,0.09069004364216134,0.3068945942398467,0.23778628390550344,0.2190752843582029,0.13477703777120154,0.08466018525733192,0.06745190343618698,0.06997866332834002,-0.29999858932301743,-1.4106769826543525e-06
652,0.0886860040612254,0.09069004364216134,0.3068945942398467,0.23778628390550344,0.2190752843582029,0.13477703777120154,0.08466018525733192,0.06745190343618698,0.06997866332834002,-0.29999858932301743,-1.4106769826543525e-06
653,0.0886860040612254,0.09069004364216134,0.3068945942398467,0.23778628390550344,0.2190752843582029,0.13477703777120154,0.08466018525733192,0.06745190343618698,0.06997866332834002,-0.29999858932301743,-1.4106769826543525e-06
654,0.0886860040612254,0.09069004364216134,0.3068945942398467,0.23778628390550344,0.2190752843582029,0.13477703777120154,0.08466018525733192,0.06745190343618698,0.06997866332834002,-0.29999858932301743,-1.4106769826543525e-06
655,0.0886860040612254,0.09069004364216134,0.3068945942398467,0.23778628390550344,0.2190752843582029,0.13477703777120154,0.08466018525733192,0.06745190343618698,0.06997866332834002,-0.29999858932301743,-1.4106769826543525e-06
656,0.0886860040612254,0.09069004364216134,0.3068945942398467,0.23778628390550344,0.2190752843582029,0.13477703777120154,0.08466018525733192,0.06745190343618698,0.06997866332834002,-0.29999858932301743,-1.4106769826543525e-06
657,0.0886860040612254,0.09069004364216134,0.3068945942398467,0.23778628390550344,0.2190752843582029,0.13477703777120154,0.08466018525733192,0.06745190343618698,0.06997866332834002,-0.29999858932301743,-1.4106769826543525e-06
658,0.0886860040612254,0.09069004364216134,0.3068945942398467,0.23778628390550344,0.2190752843582029,0.13477703777120154,0.08466018525733192,0.06745190343618698,0.06997866332834002,-0.29999858932301743,-1.4106769826543525e-06
659,0.0886860040612254,0.09069004364216134,0.3068945942398467,0.23778628390550344,0.2190752843582029,0.13477703777120154,0.08466018525733192,0.06745190343618698,0.06997866332834002,-0.29999858932301743,-1.4106769826543525e-06
660,0.0886860040612254,0.09069004364216134,0.3068945942398467,0.23778628390550344,0.2190752843582029,0.13477703777120154,0.08466018525733192,0.06745190343618698,0.06997866332834002,-0.29999858932301743,-1.4106769826543525e-06
661,0.0886860040612254,0.09069004364216134,0.3068945942398467,0.23778628390550344,0.2190752843582029,0.13477703777120154,0.08466018525733192,0.06745190343618698,0.06997866332834002,-0.29999858932301743,-1.4106769826543525e-06
662,0.0886860040612254,0.09069004364216134,0.3068945942398467,0.23778628390550344,0.2190752843582029,0.13477703777120154,0.08466018525733192,0.06745190343618698,0.06997866332834002,-0.29999858932301743,-1.4106769826543525e-06
663,0.0886860040612254,0.09069004364216134,0.3068945942398467,0.23778628390550344,0.2190752843582029,0.13477703777120154,0.08466018525733192,0.06745190343618698,0.06997866332834002,-0.29999858932301743,-1.4106769826543525e-06
664,0.0886860040612254,0.09069004364216134,0.3068945942398467,0.23778628390550344,0.2190752843582029,0.13477703777120154,0.08466018525733192,0.06745190343618698,0.06997866332834002,-0.29999858932301743,-1.4106769826543525e-06
665,0.0886860040612254,0.09069004364216134,0.3068945942398467,0.23778628390550344,0.2190752843582029,0.13477703777120154,0.08466018525733192,0.06745190343618698,0.06997866332834002,-0.29999858932301743,-1.4106769826543525e-06
666,0.0886860040612254,0.09069004364216134,0.3068945942398467,0.23778628390550344,0.2190752843582029,0.13477703777120154,0.08466018525733192,0.06745190343618698,0.06997866332834002,-0.29999858932301743,-1.4106769826543525e-06
667,0.0886860040612254,0.09069004364216134,0.3068945942398467,0.23778628390550344,0.2190752843582029,0.13477703777120154,0.08466018525733192,0.06745190343618698,0.06997866332834002,-0.29999858932301743,-1.4106769826543525e-06
668,0.0886860040612254,0.09069004364216134,0.3068945942398467,0.23778628390550344,0.2190752843582029,0.13477703777120154,0.08466018525733192,0.06745190343618698,0.06997866332834002,-0.29999858932301743,-1.4106769826543525e-06
669,0.10676718724573389,0.10750414733986051,-0.17166386084291865,0.039129860647380076,0.08118405879355803,0.2069095431425401,0.10669285178996961,0.16981097576660004,0.17030833720062413,0.31169303807373383,-0.1283361391570814
670,0.10676718724573389,0.10750414733986051,-0.17166386084291865,0.039129860647380076,0.08118405879355803,0.2069095431425401,0.10669285178996961,0.16981097576660004,0.17030833720062413,0.31169303807373383,-0.1283361391570814
671,0.10676718724573389,0.10750414733986051,-0.17166386084291865,0.039129860647380076,0.08118405879355803,0.2069095431425401,0.10669285178996961,0.16981097576660004,0.17030833720062413,0.31169303807373383,-0.1283361391570814
672,0.10676718724573389,0.10750414733986051,-0.17166386084291865,0.039129860647380076,0.08118405879355803,0.2069095431425401,0.10669285178996961,0.16981097576660004,0.17030833720062413,0.31169303807373383,-0.1283361391570814
673,0.10676718724573389,0.10750414733986051,-0.17166386084291865,0.039129860647380076,0.08118405879355803,0.2069095431425401,0.10669285178996961,0.16981097576660004,0.17030833720062413,0.31169303807373383,-0.1283361391570814
674,0.10676718724573389,0.10750414733986051,-0.17166386084291865,0.039129860647380076,0.08118405879355803,0.2069095431425401,0.10669285178996961,0.16981097576660004,0.17030833720062413,0.31169303807373383,-0.1283361391570814
675,0.10676718724573389,0.10750414733986051,-0.17166386084291865,0.039129860647380076,0.08118405879355803,0.2069095431425401,0.10669285178996961,0.16981097576660004,0.17030833720062413,0.31169303807373383,-0.1283361391570814
676,0.10676718724573389,0.10750414733986051,-0.17166386084291865,0.039129860647380076,0.08118405879355803,0.2069095431425401,0.10669285178996961,0.16981097576660004,0.17030833720062413,0.31169303807373383,-0.1283361391570814
677,0.10676718724573389,0.10750414733986051,-0.17166386084291865,0.039129860647380076,0.08118405879355803,0.2069095431425401,0.10669285178996961,0.16981097576660004,0.17030833720062413,0.31169303807373383,-0.1283361391570814
678,0.10676718724573389,0.10750414733986051,-0.17166386084291865,0.039129860647380076,0.08118405879355803,0.2069095431425401,0.10669285178996961,0.16981097576660004,0.17030833720062413,0.31169303807373383,-0.1283361391570814
679,0.10676718724573389,0.10750414733986051,-0.17166386084291865,0.039129860647380076,0.08118405879355803,0.2069095431425401,0.10669285178996961,0.16981097576660004,0.17030833720062413,0.31169303807373383,-0.1283361391570814
680,0.10676718724573389,0.10750414733986051,-0.17166386084291865,0.039129860647380076,0.08118405879355803,0.2069095431425401,0.10669285178996961,0.16981097576660004,0.17030833720062413,0.31169303807373383,-0.1283361391570814
681,0.10676718724573389,0.10750414733986051,-0.17166386084291865,0.039129860647380076,0.08118405879355803,0.2069095431425401,0.10669285178996961,0.16981097576660004,0.17030833720062413,0.31169303807373383,-0.1283361391570814
682,0.10676718724573389,0.10750414733986051,-0.17166386084291865,0.039129860647380076,0.08118405879355803,0.2069095431425401,0.10669285178996961,0.16981097576660004,0.17030833720062413,0.31169303807373383,-0.1283361391570814
683,0.10676718724573389,0.10750414733986051,-0.17166386084291865,0.039129860647380076,0.08118405879355803,0.2069095431425401,0.10669285178996961,0.16981097576660004,0.17030833720062413,0.31169303807373383,-0.1283361391570814
684,0.10676718724573389,0.10750414733986051,-0.17166386084291865,0.039129860647380076,0.08118405879355803,0.2069095431425401,0.10669285178996961,0.16981097576660004,0.17030833720062413,0.31169303807373383,-0.1283361391570814
685,0.10676718724573389,0.10750414733986051,-0.17166386084291865,0.039129860647380076,0.08118405879355803,0.2069095431425401,0.10669285178996961,0.16981097576660004,0.17030833720062413,0.31169303807373383,-0.1283361391570814
686,0.10676718724573389,0.10750414733986051,-0.17166386084291865,0.039129860647380076,0.08118405879355803,0.2069095431425401,0.10669285178996961,0.16981097576660004,0.17030833720062413,0.31169303807373383,-0.1283361391570814
687,0.10676718724573389,0.10750414733986051,-0.17166386084291865,0.039129860647380076,0.08118405879355803,0.2069095431425401,0.10669285178996961,0.16981097576660004,0.17030833720062413,0.31169303807373383,-0.1283361391570814
688,0.10676718724573389,0.10750414733986051,-0.17166386084291865,0.039129860647380076,0.08118405879355803,0.2069095431425401,0.10669285178996961,0.16981097576660004,0.17030833720062413,0.31169303807373383,-0.1283361391570814
689,0.10676718724573389,0.10750414733986051,-0.17166386084291865,0.039129860647380076,0.08118405879355803,0.2069095431425401,0.10669285178996961,0.16981097576660004,0.17030833720062413,0.31169303807373383,-0.1283361391570814
690,0.10676718724573389,0.10750414733986051,-0.17166386084291865,0.039129860647380076,0.08118405879355803,0.2069095431425401,0.10669285178996961,0.16981097576660004,0.17030833720062413,0.31169303807373383,-0.1283361391570814
691,0.10676718724573389,0.10750414733986051,-0.17166386084291865,0.039129860647380076,0.08118405879355803,0.2069095431425401,0.10669285178996961,0.16981097576660004,0.17030833720062413,0.31169303807373383,-0.1283361391570814
692,0.10676718724573389,0.10750414733986051,-0.17166386084291865,0.039129860647380076,0.08118405879355803,0.2069095431425401,0.10669285178996961,0.16981097576660004,0.17030833720062413,0.31169303807373383,-0.1283361391570814
693,0.10676718724573389,0.10750414733986051,-0.17166386084291865,0.039129860647380076,0.08118405879355803,0.2069095431425401,0.10669285178996961,0.16981097576660004,0.17030833720062413,0.31169303807373383,-0.1283361391570814
694,0.10676718724573389,0.10750414733986051,-0.17166386084291865,0.039129860647380076,0.08118405879355803,0.2069095431425401,0.10669285178996961,0.16981097576660004,0.17030833720062413,0.31169303807373383,-0.1283361391570814
695,0.10676718724573389,0.10750414733986051,-0.17166386084291865,0.039129860647380076,0.08118405879355803,0.2069095431425401,0.10669285178996961,0.16981097576660004,0.17030833720062413,0.31169303807373383,-0.1283361391570814
696,0.10676718724573389,0.10750414733986051,-0.17166386084291865,0.039129860647380076,0.08118405879355803,0.2069095431425401,0.10669285178996961,0.16981097576660004,0.17030833720062413,0.31169303807373383,-0.1283361391570814
697,0.10676718724573389,0.10750414733986051,-0.17166386084291865,0.039129860647380076,0.08118405879355803,0.2069095431425401,0.10669285178996961,0.16981097576660004,0.17030833720062413,0.31169303807373383,-0.1283361391570814
698,0.10676718724573389,0.10750414733986051,-0.17166386084291865,0.039129860647380076,0.08118405879355803,0.2069095431425401,0.10669285178996961,0.16981097576660004,0.17030833720062413,0.31169303807373383,-0.1283361391570814
699,0.008181143471329633,0.007751151657289532,0.027530393833929506,0.024563902385102032,0.00817961327136736,0.8216709951813654,0.007149076317000209,0.0045530526761683515,0.008889349331017609,0.12860265698379558,-0.04707133510836525
700,0.008181143471329633,0.007751151657289532,0.027530393833929506,0.024563902385102032,0.00817961327136736,0.8216709951813654,0.007149076317000209,0.0045530526761683515,0.008889349331017609,0.12860265698379558,-0.04707133510836525
701,0.008181143471329633,0.007751151657289532,0.027530393833929506,0.024563902385102032,0.00817961327136736,0.8216709951813654,0.007149076317000209,0.0045530526761683515,0.008889349331017609,0.12860265698379558,-0.04707133510836525
702,0.008181143471329633,0.007751151657289532,0.027530393833929506,0.024563902385102032,0.00817961327136736,0.8216709951813654,0.007149076317000209,0.0045530526761683515,0.008889349331017609,0.12860265698379558,-0.04707133510836525
703,0.008181143471329633,0.007751151657289532,0.027530393833929506,0.024563902385102032,0.00817961327136736,0.8216709951813654,0.007149076317000209,0.0045530526761683515,0.008889349331017609,0.12860265698379558,-0.04707133510836525
704,0.008181143471329633,0.007751151657289532,0.027530393833929506,0.024563902385102032,0.00817961327136736,0.8216709951813654,0.007149076317000209,0.0045530526761683515,0.008889349331017609,0.12860265698379558,-0.04707133510836525
705,0.008181143471329633,0.007751151657289532,0.027530393833929506,0.024563902385102032,0.00817961327136736,0.8216709951813654,0.007149076317000209,0.0045530526761683515,0.008889349331017609,0.12860265698379558,-0.04707133510836525
706,0.008181143471329633,0.007751151657289532,0.027530393833929506,0.024563902385102032,0.00817961327136736,0.8216709951813654,0.007149076317000209,0.0045530526761683515,0.008889349331017609,0.12860265698379558,-0.04707133510836525
707,0.008181143471329633,0.007751151657289532,0.027530393833929506,0.024563902385102032,0.00817961327136736,0.8216709951813654,0.007149076317000209,0.0045530526761683515,0.008889349331017609,0.12860265698379558,-0.04707133510836525
708,0.008181143471329633,0.007751151657289532,0.027530393833929506,0.024563902385102032,0.00817961327136736,0.8216709951813654,0.007149076317000209,0.0045530526761683515,0.008889349331017609,0.12860265698379558,-0.04707133510836525
709,0.008181143471329633,0.007751151657289532,0.027530393833929506,0.024563902385102032,0.00817961327136736,0.8216709951813654,0.007149076317000209,0.0045530526761683515,0.008889349331017609,0.12860265698379558,-0.04707133510836525
710,0.008181143471329633,0.007751151657289532,0.027530393833929506,0.024563902385102032,0.00817961327136736,0.8216709951813654,0.007149076317000209,0.0045530526761683515,0.008889349331017609,0.12860265698379558,-0.04707133510836525
711,0.008181143471329633,0.007751151657289532,0.027530393833929506,0.024563902385102032,0.00817961327136736,0.8216709951813654,0.007149076317000209,0.0045530526761683515,0.008889349331017609,0.12860265698379558,-0.04707133510836525
712,0.008181143471329633,0.007751151657289532,0.027530393833929506,0.024563902385102032,0.00817961327136736,0.8216709951813654,0.007149076317000209,0.0045530526761683515,0.008889349331017609,0.12860265698379558,-0.04707133510836525
713,0.008181143471329633,0.007751151657289532,0.027530393833929506,0.024563902385102032,0.00817961327136736,0.8216709951813654,0.007149076317000209,0.0045530526761683515,0.008889349331017609,0.12860265698379558,-0.04707133510836525
714,0.008181143471329633,0.007751151657289532,0.027530393833929506,0.024563902385102032,0.00817961327136736,0.8216709951813654,0.007149076317000209,0.0045530526761683515,0.008889349331017609,0.12860265698379558,-0.04707133510836525
715,0.008181143471329633,0.007751151657289532,0.027530393833929506,0.024563902385102032,0.00817961327136736,0.8216709951813654,0.007149076317000209,0.0045530526761683515,0.008889349331017609,0.12860265698379558,-0.04707133510836525
716,0.008181143471329633,0.007751151657289532,0.027530393833929506,0.024563902385102032,0.00817961327136736,0.8216709951813654,0.007149076317000209,0.0045530526761683515,0.008889349331017609,0.12860265698379558,-0.04707133510836525
717,0.008181143471329633,0.007751151657289532,0.027530393833929506,0.024563902385102032,0.00817961327136736,0.8216709951813654,0.007149076317000209,0.0045530526761683515,0.008889349331017609,0.12860265698379558,-0.04707133510836525
718,0.008181143471329633,0.007751151657289532,0.027530393833929506,0.024563902385102032,0.00817961327136736,0.8216709951813654,0.007149076317000209,0.0045530526761683515,0.008889349331017609,0.12860265698379558,-0.04707133510836525
719,0.008181143471329633,0.007751151657289532,0.027530393833929506,0.024563902385102032,0.00817961327136736,0.8216709951813654,0.007149076317000209,0.0045530526761683515,0.008889349331017609,0.12860265698379558,-0.04707133510836525
720,0.008181143471329633,0.007751151657289532,0.027530393833929506,0.024563902385102032,0.00817961327136736,0.8216709951813654,0.007149076317000209,0.0045530526761683515,0.008889349331017609,0.12860265698379558,-0.04707133510836525
721,0.008181143471329633,0.007751151657289532,0.027530393833929506,0.024563902385102032,0.00817961327136736,0.8216709951813654,0.007149076317000209,0.0045530526761683515,0.008889349331017609,0.12860265698379558,-0.04707133510836525
722,0.008181143471329633,0.007751151657289532,0.027530393833929506,0.024563902385102032,0.00817961327136736,0.8216709951813654,0.007149076317000209,0.0045530526761683515,0.008889349331017609,0.12860265698379558,-0.04707133510836525
723,0.008181143471329633,0.007751151657289532,0.027530393833929506,0.024563902385102032,0.00817961327136736,0.8216709951813654,0.007149076317000209,0.0045530526761683515,0.008889349331017609,0.12860265698379558,-0.04707133510836525
724,0.008181143471329633,0.007751151657289532,0.027530393833929506,0.024563902385102032,0.00817961327136736,0.8216709951813654,0.007149076317000209,0.0045530526761683515,0.008889349331017609,0.12860265698379558,-0.04707133510836525
725,0.008181143471329633,0.007751151657289532,0.027530393833929506,0.024563902385102032,0.00817961327136736,0.8216709951813654,0.007149076317000209,0.0045530526761683515,0.008889349331017609,0.12860265698379558,-0.04707133510836525
726,0.008181143471329633,0.007751151657289532,0.027530393833929506,0.024563902385102032,0.00817961327136736,0.8216709951813654,0.007149076317000209,0.0045530526761683515,0.008889349331017609,0.12860265698379558,-0.04707133510836525
727,0.008181143471329633,0.007751151657289532,0.027530393833929506,0.024563902385102032,0.00817961327136736,0.8216709951813654,0.007149076317000209,0.0045530526761683515,0.008889349331017609,0.12860265698379558,-0.04707133510836525
728,0.008181143471329633,0.007751151657289532,0.027530393833929506,0.024563902385102032,0.00817961327136736,0.8216709951813654,0.007149076317000209,0.0045530526761683515,0.008889349331017609,0.12860265698379558,-0.04707133510836525
729,0.008181143471329633,0.007751151657289532,0.027530393833929506,0.024563902385102032,0.00817961327136736,0.8216709951813654,0.007149076317000209,0.0045530526761683515,0.008889349331017609,0.12860265698379558,-0.04707133510836525
730,0.05666366812232123,0.05310672169282865,0.14158833044536903,0.016051138463015032,0.077746090175932,0.0645881114476249,0.1996744574850627,0.15745132397945769,0.1830044185450621,-0.14773014588167263,0.19785588552499936
731,0.05666366812232123,0.05310672169282865,0.14158833044536903,0.016051138463015032,0.077746090175932,0.0645881114476249,0.1996744574850627,0.15745132397945769,0.1830044185450621,-0.14773014588167263,0.19785588552499936
732,0.05666366812232123,0.05310672169282865,0.14158833044536903,0.016051138463015032,0.077746090175932,0.0645881114476249,0.1996744574850627,0.15745132397945769,0.1830044185450621,-0.14773014588167263,0.19785588552499936
733,0.05666366812232123,0.05310672169282865,0.14158833044536903,0.016051138463015032,0.077746090175932,0.0645881114476249,0.1996744574850627,0.15745132397945769,0.1830044185450621,-0.14773014588167263,0.19785588552499936
734,0.05666366812232123,0.05310672169282865,0.14158833044536903,0.016051138463015032,0.077746090175932,0.0645881114476249,0.1996744574850627,0.15745132397945769,0.1830044185450621,-0.14773014588167263,0.19785588552499936
735,0.05666366812232123,0.05310672169282865,0.14158833044536903,0.016051138463015032,0.077746090175932,0.0645881114476249,0.1996744574850627,0.15745132397945769,0.1830044185450621,-0.14773014588167263,0.19785588552499936
736,0.05666366812232123,0.05310672169282865,0.14158833044536903,0.016051138463015032,0.077746090175932,0.0645881114476249,0.1996744574850627,0.15745132397945769,0.1830044185450621,-0.14773014588167263,0.19785588552499936
737,0.05666366812232123,0.05310672169282865,0.14158833044536903,0.016051138463015032,0.077746090175932,0.0645881114476249,0.1996744574850627,0.15745132397945769,0.1830044185450621,-0.14773014588167263,0.19785588552499936
738,0.05666366812232123,0.05310672169282865,0.14158833044536903,0.016051138463015032,0.077746090175932,0.0645881114476249,0.1996744574850627,0.15745132397945769,0.1830044185450621,-0.14773014588167263,0.19785588552499936
739,0.05666366812232123,0.05310672169282865,0.14158833044536903,0.016051138463015032,0.077746090175932,0.0645881114476249,0.1996744574850627,0.15745132397945769,0.1830044185450621,-0.14773014588167263,0.19785588552499936
740,0.05666366812232123,0.05310672169282865,0.14158833044536903,0.016051138463015032,0.077746090175932,0.0645881114476249,0.1996744574850627,0.15745132397945769,0.1830044185450621,-0.14773014588167263,0.19785588552499936
741,0.05666366812232123,0.05310672169282865,0.14158833044536903,0.016051138463015032,0.077746090175932,0.0645881114476249,0.1996744574850627,0.15745132397945769,0.1830044185450621,-0.14773014588167263,0.19785588552499936
742,0.05666366812232123,0.05310672169282865,0.14158833044536903,0.016051138463015032,0.077746090175932,0.0645881114476249,0.1996744574850627,0.15745132397945769,0.1830044185450621,-0.14773014588167263,0.19785588552499936
743,0.05666366812232123,0.05310672169282865,0.14158833044536903,0.016051138463015032,0.077746090175932,0.0645881114476249,0.1996744574850627,0.15745132397945769,0.1830044185450621,-0.14773014588167263,0.19785588552499936
744,0.05666366812232123,0.05310672169282865,0.14158833044536903,0.016051138463015032,0.077746090175932,0.0645881114476249,0.1996744574850627,0.15745132397945769,0.1830044185450621,-0.14773014588167263,0.19785588552499936
745,0.05666366812232123,0.05310672169282865,0.14158833044536903,0.016051138463015032,0.077746090175932,0.0645881114476249,0.1996744574850627,0.15745132397945769,0.1830044185450621,-0.14773014588167263,0.19785588552499936
746,0.05666366812232123,0.05310672169282865,0.14158833044536903,0.016051138463015032,0.077746090175932,0.0645881114476249,0.1996744574850627,0.15745132397945769,0.1830044185450621,-0.14773014588167263,0.19785588552499936
747,0.05666366812232123,0.05310672169282865,0.14158833044536903,0.016051138463015032,0.077746090175932,0.0645881114476249,0.1996744574850627,0.15745132397945769,0.1830044185450621,-0.14773014588167263,0.19785588552499936
748,0.05666366812232123,0.05310672169282865,0.14158833044536903,0.016051138463015032,0.077746090175932,0.0645881114476249,0.1996744574850627,0.15745132397945769,0.1830044185450621,-0.14773014588167263,0.19785588552499936
749,0.05666366812232123,0.05310672169282865,0.14158833044536903,0.016051138463015032,0.077746090175932,0.0645881114476249,0.1996744574850627,0.15745132397945769,0.1830044185450621,-0.14773014588167263,0.19785588552499936
750,0.05666366812232123,0.05310672169282865,0.14158833044536903,0.016051138463015032,0.077746090175932,0.0645881114476249,0.1996744574850627,0.15745132397945769,0.1830044185450621,-0.14773014588167263,0.19785588552499936
751,0.05666366812232123,0.05310672169282865,0.14158833044536903,0.016051138463015032,0.077746090175932,0.0645881114476249,0.1996744574850627,0.15745132397945769,0.1830044185450621,-0.14773014588167263,0.19785588552499936
752,0.05666366812232123,0.05310672169282865,0.14158833044536903,0.016051138463015032,0.077746090175932,0.0645881114476249,0.1996744574850627,0.15745132397945769,0.1830044185450621,-0.14773014588167263,0.19785588552499936
753,0.05666366812232123,0.05310672169282865,0.14158833044536903,0.016051138463015032,0.077746090175932,0.0645881114476249,0.1996744574850627,0.15745132397945769,0.1830044185450621,-0.14773014588167263,0.19785588552499936
754,0.05666366812232123,0.05310672169282865,0.14158833044536903,0.016051138463015032,0.077746090175932,0.0645881114476249,0.1996744574850627,0.15745132397945769,0.1830044185450621,-0.14773014588167263,0.19785588552499936
755,0.05666366812232123,0.05310672169282865,0.14158833044536903,0.016051138463015032,0.077746090175932,0.0645881114476249,0.1996744574850627,0.15745132397945769,0.1830044185450621,-0.14773014588167263,0.19785588552499936
756,0.05666366812232123,0.05310672169282865,0.14158833044536903,0.016051138463015032,0.077746090175932,0.0645881114476249,0.1996744574850627,0.15745132397945769,0.1830044185450621,-0.14773014588167263,0.19785588552499936
757,0.05666366812232123,0.05310672169282865,0.14158833044536903,0.016051138463015032,0.077746090175932,0.0645881114476249,0.1996744574850627,0.15745132397945769,0.1830044185450621,-0.14773014588167263,0.19785588552499936
758,0.05666366812232123,0.05310672169282865,0.14158833044536903,0.016051138463015032,0.077746090175932,0.0645881114476249,0.1996744574850627,0.15745132397945769,0.1830044185450621,-0.14773014588167263,0.19785588552499936
759,0.05666366812232123,0.05310672169282865,0.14158833044536903,0.016051138463015032,0.077746090175932,0.0645881114476249,0.1996744574850627,0.15745132397945769,0.1830044185450621,-0.14773014588167263,0.19785588552499936
760,0.05666366812232123,0.05310672169282865,0.14158833044536903,0.016051138463015032,0.077746090175932,0.0645881114476249,0.1996744574850627,0.15745132397945769,0.1830044185450621,-0.14773014588167263,0.19785588552499936
761,0.07037877827192321,0.051101478632584386,0.7255256425399544,0.09785515029331843,0.0423165640201981,0.07300234373477156,0.06766158039904056,0.04357434919040318,0.054326187130204075,-0.13788585313726917,-0.08785622107512885
762,0.07037877827192321,0.051101478632584386,0.7255256425399544,0.09785515029331843,0.0423165640201981,0.07300234373477156,0.06766158039904056,0.04357434919040318,0.054326187130204075,-0.13788585313726917,-0.08785622107512885
763,0.07037877827192321,0.051101478632584386,0.7255256425399544,0.09785515029331843,0.0423165640201981,0.07300234373477156,0.06766158039904056,0.04357434919040318,0.054326187130204075,-0.13788585313726917,-0.08785622107512885
764,0.07037877827192321,0.051101478632584386,0.7255256425399544,0.09785515029331843,0.0423165640201981,0.07300234373477156,0.06766158039904056,0.04357434919040318,0.054326187130204075,-0.13788585313726917,-0.08785622107512885
765,0.07037877827192321,0.051101478632584386,0.7255256425399544,0.09785515029331843,0.0423165640201981,0.07300234373477156,0.06766158039904056,0.04357434919040318,0.054326187130204075,-0.13788585313726917,-0.08785622107512885
766,0.07037877827192321,0.051101478632584386,0.7255256425399544,0.09785515029331843,0.0423165640201981,0.07300234373477156,0.06766158039904056,0.04357434919040318,0.054326187130204075,-0.13788585313726917,-0.08785622107512885
767,0.07037877827192321,0.051101478632584386,0.7255256425399544,0.09785515029331843,0.0423165640201981,0.07300234373477156,0.06766158039904056,0.04357434919040318,0.054326187130204075,-0.13788585313726917,-0.08785622107512885
768,0.07037877827192321,0.051101478632584386,0.7255256425399544,0.09785515029331843,0.0423165640201981,0.07300234373477156,0.06766158039904056,0.04357434919040318,0.054326187130204075,-0.13788585313726917,-0.08785622107512885
769,0.07037877827192321,0.051101478632584386,0.7255256425399544,0.09785515029331843,0.0423165640201981,0.07300234373477156,0.06766158039904056,0.04357434919040318,0.054326187130204075,-0.13788585313726917,-0.08785622107512885
770,0.07037877827192321,0.051101478632584386,0.7255256425399544,0.09785515029331843,0.0423165640201981,0.07300234373477156,0.06766158039904056,0.04357434919040318,0.054326187130204075,-0.13788585313726917,-0.08785622107512885
771,0.07037877827192321,0.051101478632584386,0.7255256425399544,0.09785515029331843,0.0423165640201981,0.07300234373477156,0.06766158039904056,0.04357434919040318,0.054326187130204075,-0.13788585313726917,-0.08785622107512885
772,0.07037877827192321,0.051101478632584386,0.7255256425399544,0.09785515029331843,0.0423165640201981,0.07300234373477156,0.06766158039904056,0.04357434919040318,0.054326187130204075,-0.13788585313726917,-0.08785622107512885
773,0.07037877827192321,0.051101478632584386,0.7255256425399544,0.09785515029331843,0.0423165640201981,0.07300234373477156,0.06766158039904056,0.04357434919040318,0.054326187130204075,-0.13788585313726917,-0.08785622107512885
774,0.07037877827192321,0.051101478632584386,0.7255256425399544,0.09785515029331843,0.0423165640201981,0.07300234373477156,0.06766158039904056,0.04357434919040318,0.054326187130204075,-0.13788585313726917,-0.08785622107512885
775,0.07037877827192321,0.051101478632584386,0.7255256425399544,0.09785515029331843,0.0423165640201981,0.07300234373477156,0.06766158039904056,0.04357434919040318,0.054326187130204075,-0.13788585313726917,-0.08785622107512885
776,0.07037877827192321,0.051101478632584386,0.7255256425399544,0.09785515029331843,0.0423165640201981,0.07300234373477156,0.06766158039904056,0.04357434919040318,0.054326187130204075,-0.13788585313726917,-0.08785622107512885
777,0.07037877827192321,0.051101478632584386,0.7255256425399544,0.09785515029331843,0.0423165640201981,0.07300234373477156,0.06766158039904056,0.04357434919040318,0.054326187130204075,-0.13788585313726917,-0.08785622107512885
778,0.07037877827192321,0.051101478632584386,0.7255256425399544,0.09785515029331843,0.0423165640201981,0.07300234373477156,0.06766158039904056,0.04357434919040318,0.054326187130204075,-0.13788585313726917,-0.08785622107512885
779,0.07037877827192321,0.051101478632584386,0.7255256425399544,0.09785515029331843,0.0423165640201981,0.07300234373477156,0.06766158039904056,0.04357434919040318,0.054326187130204075,-0.13788585313726917,-0.08785622107512885
780,0.07037877827192321,0.051101478632584386,0.7255256425399544,0.09785515029331843,0.0423165640201981,0.07300234373477156,0.06766158039904056,0.04357434919040318,0.054326187130204075,-0.13788585313726917,-0.08785622107512885
781,0.07037877827192321,0.051101478632584386,0.7255256425399544,0.09785515029331843,0.0423165640201981,0.07300234373477156,0.06766158039904056,0.04357434919040318,0.054326187130204075,-0.13788585313726917,-0.08785622107512885
782,0.07037877827192321,0.051101478632584386,0.7255256425399544,0.09785515029331843,0.0423165640201981,0.07300234373477156,0.06766158039904056,0.04357434919040318,0.054326187130204075,-0.13788585313726917,-0.08785622107512885
783,0.07037877827192321,0.051101478632584386,0.7255256425399544,0.09785515029331843,0.0423165640201981,0.07300234373477156,0.06766158039904056,0.04357434919040318,0.054326187130204075,-0.13788585313726917,-0.08785622107512885
784,0.07037877827192321,0.051101478632584386,0.7255256425399544,0.09785515029331843,0.0423165640201981,0.07300234373477156,0.06766158039904056,0.04357434919040318,0.054326187130204075,-0.13788585313726917,-0.08785622107512885
785,0.07037877827192321,0.051101478632584386,0.7255256425399544,0.09785515029331843,0.0423165640201981,0.07300234373477156,0.06766158039904056,0.04357434919040318,0.054326187130204075,-0.13788585313726917,-0.08785622107512885
786,0.07037877827192321,0.051101478632584386,0.7255256425399544,0.09785515029331843,0.0423165640201981,0.07300234373477156,0.06766158039904056,0.04357434919040318,0.054326187130204075,-0.13788585313726917,-0.08785622107512885
787,0.07037877827192321,0.051101478632584386,0.7255256425399544,0.09785515029331843,0.0423165640201981,0.07300234373477156,0.06766158039904056,0.04357434919040318,0.054326187130204075,-0.13788585313726917,-0.08785622107512885
788,0.07037877827192321,0.051101478632584386,0.7255256425399544,0.09785515029331843,0.0423165640201981,0.07300234373477156,0.06766158039904056,0.04357434919040318,0.054326187130204075,-0.13788585313726917,-0.08785622107512885
789,0.07433806444116108,0.3992185556703917,0.07075843633061522,0.024029981115672835,0.045559073590029614,0.04599938469452764,0.04043706371224873,0.03694797814845183,0.06313163838328958,0.08247546109925749,0.11710436281435414
790,0.07433806444116108,0.3992185556703917,0.07075843633061522,0.024029981115672835,0.045559073590029614,0.04599938469452764,0.04043706371224873,0.03694797814845183,0.06313163838328958,0.08247546109925749,0.11710436281435414
791,0.07433806444116108,0.3992185556703917,0.07075843633061522,0.024029981115672835,0.045559073590029614,0.04599938469452764,0.04043706371224873,0.03694797814845183,0.06313163838328958,0.08247546109925749,0.11710436281435414
792,0.07433806444116108,0.3992185556703917,0.07075843633061522,0.024029981115672835,0.045559073590029614,0.04599938469452764,0.04043706371224873,0.03694797814845183,0.06313163838328958,0.08247546109925749,0.11710436281435414
793,0.07433806444116108,0.3992185556703917,0.07075843633061522,0.024029981115672835,0.045559073590029614,0.04599938469452764,0.04043706371224873,0.03694797814845183,0.06313163838328958,0.08247546109925749,0.11710436281435414
794,0.07433806444116108,0.3992185556703917,0.07075843633061522,0.024029981115672835,0.045559073590029614,0.04599938469452764,0.04043706371224873,0.03694797814845183,0.06313163838328958,0.08247546109925749,0.11710436281435414
795,0.07433806444116108,0.3992185556703917,0.07075843633061522,0.024029981115672835,0.045559073590029614,0.04599938469452764,0.04043706371224873,0.03694797814845183,0.06313163838328958,0.08247546109925749,0.11710436281435414
796,0.07433806444116108,0.3992185556703917,0.07075843633061522,0.024029981115672835,0.045559073590029614,0.04599938469452764,0.04043706371224873,0.03694797814845183,0.06313163838328958,0.08247546109925749,0.11710436281435414
797,0.07433806444116108,0.3992185556703917,0.07075843633061522,0.024029981115672835,0.045559073590029614,0.04599938469452764,0.04043706371224873,0.03694797814845183,0.06313163838328958,0.08247546109925749,0.11710436281435414
798,0.07433806444116108,0.3992185556703917,0.07075843633061522,0.024029981115672835,0.045559073590029614,0.04599938469452764,0.04043706371224873,0.03694797814845183,0.06313163838328958,0.08247546109925749,0.11710436281435414
799,0.07433806444116108,0.3992185556703917,0.07075843633061522,0.024029981115672835,0.045559073590029614,0.04599938469452764,0.04043706371224873,0.03694797814845183,0.06313163838328958,0.08247546109925749,0.11710436281435414
800,0.07433806444116108,0.3992185556703917,0.07075843633061522,0.024029981115672835,0.045559073590029614,0.04599938469452764,0.04043706371224873,0.03694797814845183,0.06313163838328958,0.08247546109925749,0.11710436281435414
801,0.07433806444116108,0.3992185556703917,0.07075843633061522,0.024029981115672835,0.045559073590029614,0.04599938469452764,0.04043706371224873,0.03694797814845183,0.06313163838328958,0.08247546109925749,0.11710436281435414
802,0.07433806444116108,0.3992185556703917,0.07075843633061522,0.024029981115672835,0.045559073590029614,0.04599938469452764,0.04043706371224873,0.03694797814845183,0.06313163838328958,0.08247546109925749,0.11710436281435414
803,0.07433806444116108,0.3992185556703917,0.07075843633061522,0.024029981115672835,0.045559073590029614,0.04599938469452764,0.04043706371224873,0.03694797814845183,0.06313163838328958,0.08247546109925749,0.11710436281435414
804,0.07433806444116108,0.3992185556703917,0.07075843633061522,0.024029981115672835,0.045559073590029614,0.04599938469452764,0.04043706371224873,0.03694797814845183,0.06313163838328958,0.08247546109925749,0.11710436281435414
805,0.07433806444116108,0.3992185556703917,0.07075843633061522,0.024029981115672835,0.045559073590029614,0.04599938469452764,0.04043706371224873,0.03694797814845183,0.06313163838328958,0.08247546109925749,0.11710436281435414
806,0.07433806444116108,0.3992185556703917,0.07075843633061522,0.024029981115672835,0.045559073590029614,0.04599938469452764,0.04043706371224873,0.03694797814845183,0.06313163838328958,0.08247546109925749,0.11710436281435414
807,0.07433806444116108,0.3992185556703917,0.07075843633061522,0.024029981115672835,0.045559073590029614,0.04599938469452764,0.04043706371224873,0.03694797814845183,0.06313163838328958,0.08247546109925749,0.11710436281435414
808,0.07433806444116108,0.3992185556703917,0.07075843633061522,0.024029981115672835,0.045559073590029614,0.04599938469452764,0.04043706371224873,0.03694797814845183,0.06313163838328958,0.08247546109925749,0.11710436281435414
809,0.07433806444116108,0.3992185556703917,0.07075843633061522,0.024029981115672835,0.045559073590029614,0.04599938469452764,0.04043706371224873,0.03694797814845183,0.06313163838328958,0.08247546109925749,0.11710436281435414
810,0.07433806444116108,0.3992185556703917,0.07075843633061522,0.024029981115672835,0.045559073590029614,0.04599938469452764,0.04043706371224873,0.03694797814845183,0.06313163838328958,0.08247546109925749,0.11710436281435414
811,0.07433806444116108,0.3992185556703917,0.07075843633061522,0.024029981115672835,0.045559073590029614,0.04599938469452764,0.04043706371224873,0.03694797814845183,0.06313163838328958,0.08247546109925749,0.11710436281435414
812,0.07433806444116108,0.3992185556703917,0.07075843633061522,0.024029981115672835,0.045559073590029614,0.04599938469452764,0.04043706371224873,0.03694797814845183,0.06313163838328958,0.08247546109925749,0.11710436281435414
813,0.07433806444116108,0.3992185556703917,0.07075843633061522,0.024029981115672835,0.045559073590029614,0.04599938469452764,0.04043706371224873,0.03694797814845183,0.06313163838328958,0.08247546109925749,0.11710436281435414
814,0.07433806444116108,0.3992185556703917,0.07075843633061522,0.024029981115672835,0.045559073590029614,0.04599938469452764,0.04043706371224873,0.03694797814845183,0.06313163838328958,0.08247546109925749,0.11710436281435414
815,0.07433806444116108,0.3992185556703917,0.07075843633061522,0.024029981115672835,0.045559073590029614,0.04599938469452764,0.04043706371224873,0.03694797814845183,0.06313163838328958,0.08247546109925749,0.11710436281435414
816,0.07433806444116108,0.3992185556703917,0.07075843633061522,0.024029981115672835,0.045559073590029614,0.04599938469452764,0.04043706371224873,0.03694797814845183,0.06313163838328958,0.08247546109925749,0.11710436281435414
817,0.07433806444116108,0.3992185556703917,0.07075843633061522,0.024029981115672835,0.045559073590029614,0.04599938469452764,0.04043706371224873,0.03694797814845183,0.06313163838328958,0.08247546109925749,0.11710436281435414
818,0.07433806444116108,0.3992185556703917,0.07075843633061522,0.024029981115672835,0.045559073590029614,0.04599938469452764,0.04043706371224873,0.03694797814845183,0.06313163838328958,0.08247546109925749,0.11710436281435414
819,0.07433806444116108,0.3992185556703917,0.07075843633061522,0.024029981115672835,0.045559073590029614,0.04599938469452764,0.04043706371224873,0.03694797814845183,0.06313163838328958,0.08247546109925749,0.11710436281435414
820,0.31677517413481504,0.6246427348057677,-0.11230192646594037,0.05725868254726196,0.09891710887731217,0.1370737137281937,-6.236764871213466e-09,0.06533216076021894,4.24421972577232e-07,-0.07873050570169395,-0.10896756087114282
821,0.31677517413481504,0.6246427348057677,-0.11230192646594037,0.05725868254726196,0.09891710887731217,0.1370737137281937,-6.236764871213466e-09,0.06533216076021894,4.24421972577232e-07,-0.07873050570169395,-0.10896756087114282
822,0.31677517413481504,0.6246427348057677,-0.11230192646594037,0.05725868254726196,0.09891710887731217,0.1370737137281937,-6.236764871213466e-09,0.06533216076021894,4.24421972577232e-07,-0.07873050570169395,-0.10896756087114282
823,0.31677517413481504,0.6246427348057677,-0.11230192646594037,0.05725868254726196,0.09891710887731217,0.1370737137281937,-6.236764871213466e-09,0.06533216076021894,4.24421972577232e-07,-0.07873050570169395,-0.10896756087114282
824,0.31677517413481504,0.6246427348057677,-0.11230192646594037,0.05725868254726196,0.09891710887731217,0.1370737137281937,-6.236764871213466e-09,0.06533216076021894,4.24421972577232e-07,-0.07873050570169395,-0.10896756087114282
825,0.31677517413481504,0.6246427348057677,-0.11230192646594037,0.05725868254726196,0.09891710887731217,0.1370737137281937,-6.236764871213466e-09,0.06533216076021894,4.24421972577232e-07,-0.07873050570169395,-0.10896756087114282
826,0.31677517413481504,0.6246427348057677,-0.11230192646594037,0.05725868254726196,0.09891710887731217,0.1370737137281937,-6.236764871213466e-09,0.06533216076021894,4.24421972577232e-07,-0.07873050570169395,-0.10896756087114282
827,0.31677517413481504,0.6246427348057677,-0.11230192646594037,0.05725868254726196,0.09891710887731217,0.1370737137281937,-6.236764871213466e-09,0.06533216076021894,4.24421972577232e-07,-0.07873050570169395,-0.10896756087114282
828,0.31677517413481504,0.6246427348057677,-0.11230192646594037,0.05725868254726196,0.09891710887731217,0.1370737137281937,-6.236764871213466e-09,0.06533216076021894,4.24421972577232e-07,-0.07873050570169395,-0.10896756087114282
829,0.31677517413481504,0.6246427348057677,-0.11230192646594037,0.05725868254726196,0.09891710887731217,0.1370737137281937,-6.236764871213466e-09,0.06533216076021894,4.24421972577232e-07,-0.07873050570169395,-0.10896756087114282
830,0.31677517413481504,0.6246427348057677,-0.11230192646594037,0.05725868254726196,0.09891710887731217,0.1370737137281937,-6.236764871213466e-09,0.06533216076021894,4.24421972577232e-07,-0.07873050570169395,-0.10896756087114282
831,0.31677517413481504,0.6246427348057677,-0.11230192646594037,0.05725868254726196,0.09891710887731217,0.1370737137281937,-6.236764871213466e-09,0.06533216076021894,4.24421972577232e-07,-0.07873050570169395,-0.10896756087114282
832,0.31677517413481504,0.6246427348057677,-0.11230192646594037,0.05725868254726196,0.09891710887731217,0.1370737137281937,-6.236764871213466e-09,0.06533216076021894,4.24421972577232e-07,-0.07873050570169395,-0.10896756087114282
833,0.31677517413481504,0.6246427348057677,-0.11230192646594037,0.05725868254726196,0.09891710887731217,0.1370737137281937,-6.236764871213466e-09,0.06533216076021894,4.24421972577232e-07,-0.07873050570169395,-0.10896756087114282
834,0.31677517413481504,0.6246427348057677,-0.11230192646594037,0.05725868254726196,0.09891710887731217,0.1370737137281937,-6.236764871213466e-09,0.06533216076021894,4.24421972577232e-07,-0.07873050570169395,-0.10896756087114282
835,0.31677517413481504,0.6246427348057677,-0.11230192646594037,0.05725868254726196,0.09891710887731217,0.1370737137281937,-6.236764871213466e-09,0.06533216076021894,4.24421972577232e-07,-0.07873050570169395,-0.10896756087114282
836,0.31677517413481504,0.6246427348057677,-0.11230192646594037,0.05725868254726196,0.09891710887731217,0.1370737137281937,-6.236764871213466e-09,0.06533216076021894,4.24421972577232e-07,-0.07873050570169395,-0.10896756087114282
837,0.31677517413481504,0.6246427348057677,-0.11230192646594037,0.05725868254726196,0.09891710887731217,0.1370737137281937,-6.236764871213466e-09,0.06533216076021894,4.24421972577232e-07,-0.07873050570169395,-0.10896756087114282
838,0.31677517413481504,0.6246427348057677,-0.11230192646594037,0.05725868254726196,0.09891710887731217,0.1370737137281937,-6.236764871213466e-09,0.06533216076021894,4.24421972577232e-07,-0.07873050570169395,-0.10896756087114282
839,0.31677517413481504,0.6246427348057677,-0.11230192646594037,0.05725868254726196,0.09891710887731217,0.1370737137281937,-6.236764871213466e-09,0.06533216076021894,4.24421972577232e-07,-0.07873050570169395,-0.10896756087114282
840,0.31677517413481504,0.6246427348057677,-0.11230192646594037,0.05725868254726196,0.09891710887731217,0.1370737137281937,-6.236764871213466e-09,0.06533216076021894,4.24421972577232e-07,-0.07873050570169395,-0.10896756087114282
841,0.31677517413481504,0.6246427348057677,-0.11230192646594037,0.05725868254726196,0.09891710887731217,0.1370737137281937,-6.236764871213466e-09,0.06533216076021894,4.24421972577232e-07,-0.07873050570169395,-0.10896756087114282
842,0.31677517413481504,0.6246427348057677,-0.11230192646594037,0.05725868254726196,0.09891710887731217,0.1370737137281937,-6.236764871213466e-09,0.06533216076021894,4.24421972577232e-07,-0.07873050570169395,-0.10896756087114282
843,0.31677517413481504,0.6246427348057677,-0.11230192646594037,0.05725868254726196,0.09891710887731217,0.1370737137281937,-6.236764871213466e-09,0.06533216076021894,4.24421972577232e-07,-0.07873050570169395,-0.10896756087114282
844,0.31677517413481504,0.6246427348057677,-0.11230192646594037,0.05725868254726196,0.09891710887731217,0.1370737137281937,-6.236764871213466e-09,0.06533216076021894,4.24421972577232e-07,-0.07873050570169395,-0.10896756087114282
845,0.31677517413481504,0.6246427348057677,-0.11230192646594037,0.05725868254726196,0.09891710887731217,0.1370737137281937,-6.236764871213466e-09,0.06533216076021894,4.24421972577232e-07,-0.07873050570169395,-0.10896756087114282
846,0.31677517413481504,0.6246427348057677,-0.11230192646594037,0.05725868254726196,0.09891710887731217,0.1370737137281937,-6.236764871213466e-09,0.06533216076021894,4.24421972577232e-07,-0.07873050570169395,-0.10896756087114282
847,0.31677517413481504,0.6246427348057677,-0.11230192646594037,0.05725868254726196,0.09891710887731217,0.1370737137281937,-6.236764871213466e-09,0.06533216076021894,4.24421972577232e-07,-0.07873050570169395,-0.10896756087114282
848,0.31677517413481504,0.6246427348057677,-0.11230192646594037,0.05725868254726196,0.09891710887731217,0.1370737137281937,-6.236764871213466e-09,0.06533216076021894,4.24421972577232e-07,-0.07873050570169395,-0.10896756087114282
849,0.31677517413481504,0.6246427348057677,-0.11230192646594037,0.05725868254726196,0.09891710887731217,0.1370737137281937,-6.236764871213466e-09,0.06533216076021894,4.24421972577232e-07,-0.07873050570169395,-0.10896756087114282
850,0.11208053166701369,0.12138101923784698,0.15805952164072867,0.03537259073438204,0.07678570466889781,0.06874950517007175,0.059902511778846645,0.08858693660666847,0.06497244379558799,0.11360966059894027,0.10049957410101562
851,0.11208053166701369,0.12138101923784698,0.15805952164072867,0.03537259073438204,0.07678570466889781,0.06874950517007175,0.059902511778846645,0.08858693660666847,0.06497244379558799,0.11360966059894027,0.10049957410101562
852,0.11208053166701369,0.12138101923784698,0.15805952164072867,0.03537259073438204,0.07678570466889781,0.06874950517007175,0.059902511778846645,0.08858693660666847,0.06497244379558799,0.11360966059894027,0.10049957410101562
853,0.11208053166701369,0.12138101923784698,0.15805952164072867,0.03537259073438204,0.07678570466889781,0.06874950517007175,0.059902511778846645,0.08858693660666847,0.06497244379558799,0.11360966059894027,0.10049957410101562
854,0.11208053166701369,0.12138101923784698,0.15805952164072867,0.03537259073438204,0.07678570466889781,0.06874950517007175,0.059902511778846645,0.08858693660666847,0.06497244379558799,0.11360966059894027,0.10049957410101562
855,0.11208053166701369,0.12138101923784698,0.15805952164072867,0.03537259073438204,0.07678570466889781,0.06874950517007175,0.059902511778846645,0.08858693660666847,0.06497244379558799,0.11360966059894027,0.10049957410101562
856,0.11208053166701369,0.12138101923784698,0.15805952164072867,0.03537259073438204,0.07678570466889781,0.06874950517007175,0.059902511778846645,0.08858693660666847,0.06497244379558799,0.11360966059894027,0.10049957410101562
857,0.11208053166701369,0.12138101923784698,0.15805952164072867,0.03537259073438204,0.07678570466889781,0.06874950517007175,0.059902511778846645,0.08858693660666847,0.06497244379558799,0.11360966059894027,0.10049957410101562
858,0.11208053166701369,0.12138101923784698,0.15805952164072867,0.03537259073438204,0.07678570466889781,0.06874950517007175,0.059902511778846645,0.08858693660666847,0.06497244379558799,0.11360966059894027,0.10049957410101562
859,0.11208053166701369,0.12138101923784698,0.15805952164072867,0.03537259073438204,0.07678570466889781,0.06874950517007175,0.059902511778846645,0.08858693660666847,0.06497244379558799,0.11360966059894027,0.10049957410101562
860,0.11208053166701369,0.12138101923784698,0.15805952164072867,0.03537259073438204,0.07678570466889781,0.06874950517007175,0.059902511778846645,0.08858693660666847,0.06497244379558799,0.11360966059894027,0.10049957410101562
861,0.11208053166701369,0.12138101923784698,0.15805952164072867,0.03537259073438204,0.07678570466889781,0.06874950517007175,0.059902511778846645,0.08858693660666847,0.06497244379558799,0.11360966059894027,0.10049957410101562
862,0.11208053166701369,0.12138101923784698,0.15805952164072867,0.03537259073438204,0.07678570466889781,0.06874950517007175,0.059902511778846645,0.08858693660666847,0.06497244379558799,0.11360966059894027,0.10049957410101562
863,0.11208053166701369,0.12138101923784698,0.15805952164072867,0.03537259073438204,0.07678570466889781,0.06874950517007175,0.059902511778846645,0.08858693660666847,0.06497244379558799,0.11360966059894027,0.10049957410101562
864,0.11208053166701369,0.12138101923784698,0.15805952164072867,0.03537259073438204,0.07678570466889781,0.06874950517007175,0.059902511778846645,0.08858693660666847,0.06497244379558799,0.11360966059894027,0.10049957410101562
865,0.11208053166701369,0.12138101923784698,0.15805952164072867,0.03537259073438204,0.07678570466889781,0.06874950517007175,0.059902511778846645,0.08858693660666847,0.06497244379558799,0.11360966059894027,0.10049957410101562
866,0.11208053166701369,0.12138101923784698,0.15805952164072867,0.03537259073438204,0.07678570466889781,0.06874950517007175,0.059902511778846645,0.08858693660666847,0.06497244379558799,0.11360966059894027,0.10049957410101562
867,0.11208053166701369,0.12138101923784698,0.15805952164072867,0.03537259073438204,0.07678570466889781,0.06874950517007175,0.059902511778846645,0.08858693660666847,0.06497244379558799,0.11360966059894027,0.10049957410101562
868,0.11208053166701369,0.12138101923784698,0.15805952164072867,0.03537259073438204,0.07678570466889781,0.06874950517007175,0.059902511778846645,0.08858693660666847,0.06497244379558799,0.11360966059894027,0.10049957410101562
869,0.11208053166701369,0.12138101923784698,0.15805952164072867,0.03537259073438204,0.07678570466889781,0.06874950517007175,0.059902511778846645,0.08858693660666847,0.06497244379558799,0.11360966059894027,0.10049957410101562
870,0.11208053166701369,0.12138101923784698,0.15805952164072867,0.03537259073438204,0.07678570466889781,0.06874950517007175,0.059902511778846645,0.08858693660666847,0.06497244379558799,0.11360966059894027,0.10049957410101562
871,0.11208053166701369,0.12138101923784698,0.15805952164072867,0.03537259073438204,0.07678570466889781,0.06874950517007175,0.059902511778846645,0.08858693660666847,0.06497244379558799,0.11360966059894027,0.10049957410101562
872,0.11208053166701369,0.12138101923784698,0.15805952164072867,0.03537259073438204,0.07678570466889781,0.06874950517007175,0.059902511778846645,0.08858693660666847,0.06497244379558799,0.11360966059894027,0.10049957410101562
873,0.11208053166701369,0.12138101923784698,0.15805952164072867,0.03537259073438204,0.07678570466889781,0.06874950517007175,0.059902511778846645,0.08858693660666847,0.06497244379558799,0.11360966059894027,0.10049957410101562
874,0.11208053166701369,0.12138101923784698,0.15805952164072867,0.03537259073438204,0.07678570466889781,0.06874950517007175,0.059902511778846645,0.08858693660666847,0.06497244379558799,0.11360966059894027,0.10049957410101562
875,0.11208053166701369,0.12138101923784698,0.15805952164072867,0.03537259073438204,0.07678570466889781,0.06874950517007175,0.059902511778846645,0.08858693660666847,0.06497244379558799,0.11360966059894027,0.10049957410101562
876,0.11208053166701369,0.12138101923784698,0.15805952164072867,0.03537259073438204,0.07678570466889781,0.06874950517007175,0.059902511778846645,0.08858693660666847,0.06497244379558799,0.11360966059894027,0.10049957410101562
877,0.11208053166701369,0.12138101923784698,0.15805952164072867,0.03537259073438204,0.07678570466889781,0.06874950517007175,0.059902511778846645,0.08858693660666847,0.06497244379558799,0.11360966059894027,0.10049957410101562
878,0.11208053166701369,0.12138101923784698,0.15805952164072867,0.03537259073438204,0.07678570466889781,0.06874950517007175,0.059902511778846645,0.08858693660666847,0.06497244379558799,0.11360966059894027,0.10049957410101562
879,0.11208053166701369,0.12138101923784698,0.15805952164072867,0.03537259073438204,0.07678570466889781,0.06874950517007175,0.059902511778846645,0.08858693660666847,0.06497244379558799,0.11360966059894027,0.10049957410101562
880,0.11208053166701369,0.12138101923784698,0.15805952164072867,0.03537259073438204,0.07678570466889781,0.06874950517007175,0.059902511778846645,0.08858693660666847,0.06497244379558799,0.11360966059894027,0.10049957410101562
881,0.04270512939547619,0.07262863555998679,0.5190799044351458,-0.06719847675043111,0.04419010680052091,0.03570944831991722,0.04641830900607561,0.030216708452292938,0.04127862471874682,0.19648181517752047,0.038489794884748484
882,0.04270512939547619,0.07262863555998679,0.5190799044351458,-0.06719847675043111,0.04419010680052091,0.03570944831991722,0.04641830900607561,0.030216708452292938,0.04127862471874682,0.19648181517752047,0.038489794884748484
883,0.04270512939547619,0.07262863555998679,0.5190799044351458,-0.06719847675043111,0.04419010680052091,0.03570944831991722,0.04641830900607561,0.030216708452292938,0.04127862471874682,0.19648181517752047,0.038489794884748484
884,0.04270512939547619,0.07262863555998679,0.5190799044351458,-0.06719847675043111,0.04419010680052091,0.03570944831991722,0.04641830900607561,0.030216708452292938,0.04127862471874682,0.19648181517752047,0.038489794884748484
885,0.04270512939547619,0.07262863555998679,0.5190799044351458,-0.06719847675043111,0.04419010680052091,0.03570944831991722,0.04641830900607561,0.030216708452292938,0.04127862471874682,0.19648181517752047,0.038489794884748484
886,0.04270512939547619,0.07262863555998679,0.5190799044351458,-0.06719847675043111,0.04419010680052091,0.03570944831991722,0.04641830900607561,0.030216708452292938,0.04127862471874682,0.19648181517752047,0.038489794884748484
887,0.04270512939547619,0.07262863555998679,0.5190799044351458,-0.06719847675043111,0.04419010680052091,0.03570944831991722,0.04641830900607561,0.030216708452292938,0.04127862471874682,0.19648181517752047,0.038489794884748484
888,0.04270512939547619,0.07262863555998679,0.5190799044351458,-0.06719847675043111,0.04419010680052091,0.03570944831991722,0.04641830900607561,0.030216708452292938,0.04127862471874682,0.19648181517752047,0.038489794884748484
889,0.04270512939547619,0.07262863555998679,0.5190799044351458,-0.06719847675043111,0.04419010680052091,0.03570944831991722,0.04641830900607561,0.030216708452292938,0.04127862471874682,0.19648181517752047,0.038489794884748484
890,0.04270512939547619,0.07262863555998679,0.5190799044351458,-0.06719847675043111,0.04419010680052091,0.03570944831991722,0.04641830900607561,0.030216708452292938,0.04127862471874682,0.19648181517752047,0.038489794884748484
891,0.04270512939547619,0.07262863555998679,0.5190799044351458,-0.06719847675043111,0.04419010680052091,0.03570944831991722,0.04641830900607561,0.030216708452292938,0.04127862471874682,0.19648181517752047,0.038489794884748484
892,0.04270512939547619,0.07262863555998679,0.5190799044351458,-0.06719847675043111,0.04419010680052091,0.03570944831991722,0.04641830900607561,0.030216708452292938,0.04127862471874682,0.19648181517752047,0.038489794884748484
893,0.04270512939547619,0.07262863555998679,0.5190799044351458,-0.06719847675043111,0.04419010680052091,0.03570944831991722,0.04641830900607561,0.030216708452292938,0.04127862471874682,0.19648181517752047,0.038489794884748484
894,0.04270512939547619,0.07262863555998679,0.5190799044351458,-0.06719847675043111,0.04419010680052091,0.03570944831991722,0.04641830900607561,0.030216708452292938,0.04127862471874682,0.19648181517752047,0.038489794884748484
895,0.04270512939547619,0.07262863555998679,0.5190799044351458,-0.06719847675043111,0.04419010680052091,0.03570944831991722,0.04641830900607561,0.030216708452292938,0.04127862471874682,0.19648181517752047,0.038489794884748484
896,0.04270512939547619,0.07262863555998679,0.5190799044351458,-0.06719847675043111,0.04419010680052091,0.03570944831991722,0.04641830900607561,0.030216708452292938,0.04127862471874682,0.19648181517752047,0.038489794884748484
897,0.04270512939547619,0.07262863555998679,0.5190799044351458,-0.06719847675043111,0.04419010680052091,0.03570944831991722,0.04641830900607561,0.030216708452292938,0.04127862471874682,0.19648181517752047,0.038489794884748484
898,0.04270512939547619,0.07262863555998679,0.5190799044351458,-0.06719847675043111,0.04419010680052091,0.03570944831991722,0.04641830900607561,0.030216708452292938,0.04127862471874682,0.19648181517752047,0.038489794884748484
899,0.04270512939547619,0.07262863555998679,0.5190799044351458,-0.06719847675043111,0.04419010680052091,0.03570944831991722,0.04641830900607561,0.030216708452292938,0.04127862471874682,0.19648181517752047,0.038489794884748484
900,0.04270512939547619,0.07262863555998679,0.5190799044351458,-0.06719847675043111,0.04419010680052091,0.03570944831991722,0.04641830900607561,0.030216708452292938,0.04127862471874682,0.19648181517752047,0.038489794884748484
901,0.04270512939547619,0.07262863555998679,0.5190799044351458,-0.06719847675043111,0.04419010680052091,0.03570944831991722,0.04641830900607561,0.030216708452292938,0.04127862471874682,0.19648181517752047,0.038489794884748484
902,0.04270512939547619,0.07262863555998679,0.5190799044351458,-0.06719847675043111,0.04419010680052091,0.03570944831991722,0.04641830900607561,0.030216708452292938,0.04127862471874682,0.19648181517752047,0.038489794884748484
903,0.04270512939547619,0.07262863555998679,0.5190799044351458,-0.06719847675043111,0.04419010680052091,0.03570944831991722,0.04641830900607561,0.030216708452292938,0.04127862471874682,0.19648181517752047,0.038489794884748484
904,0.04270512939547619,0.07262863555998679,0.5190799044351458,-0.06719847675043111,0.04419010680052091,0.03570944831991722,0.04641830900607561,0.030216708452292938,0.04127862471874682,0.19648181517752047,0.038489794884748484
905,0.04270512939547619,0.07262863555998679,0.5190799044351458,-0.06719847675043111,0.04419010680052091,0.03570944831991722,0.04641830900607561,0.030216708452292938,0.04127862471874682,0.19648181517752047,0.038489794884748484
906,0.04270512939547619,0.07262863555998679,0.5190799044351458,-0.06719847675043111,0.04419010680052091,0.03570944831991722,0.04641830900607561,0.030216708452292938,0.04127862471874682,0.19648181517752047,0.038489794884748484
907,0.04270512939547619,0.07262863555998679,0.5190799044351458,-0.06719847675043111,0.04419010680052091,0.03570944831991722,0.04641830900607561,0.030216708452292938,0.04127862471874682,0.19648181517752047,0.038489794884748484
908,0.04270512939547619,0.07262863555998679,0.5190799044351458,-0.06719847675043111,0.04419010680052091,0.03570944831991722,0.04641830900607561,0.030216708452292938,0.04127862471874682,0.19648181517752047,0.038489794884748484
909,0.04270512939547619,0.07262863555998679,0.5190799044351458,-0.06719847675043111,0.04419010680052091,0.03570944831991722,0.04641830900607561,0.030216708452292938,0.04127862471874682,0.19648181517752047,0.038489794884748484
910,0.04270512939547619,0.07262863555998679,0.5190799044351458,-0.06719847675043111,0.04419010680052091,0.03570944831991722,0.04641830900607561,0.030216708452292938,0.04127862471874682,0.19648181517752047,0.038489794884748484
911,0.06128755859476932,0.06279234955306129,0.43636112213720407,0.14796795406108823,0.060677556740007244,0.0396651071348985,0.31109739540035614,0.05586606012910238,-0.14867620218636354,0.12428489624951303,-0.15132379781363645
912,0.06128755859476932,0.06279234955306129,0.43636112213720407,0.14796795406108823,0.060677556740007244,0.0396651071348985,0.31109739540035614,0.05586606012910238,-0.14867620218636354,0.12428489624951303,-0.15132379781363645
913,0.06128755859476932,0.06279234955306129,0.43636112213720407,0.14796795406108823,0.060677556740007244,0.0396651071348985,0.31109739540035614,0.05586606012910238,-0.14867620218636354,0.12428489624951303,-0.15132379781363645
914,0.06128755859476932,0.06279234955306129,0.43636112213720407,0.14796795406108823,0.060677556740007244,0.0396651071348985,0.31109739540035614,0.05586606012910238,-0.14867620218636354,0.12428489624951303,-0.15132379781363645
915,0.06128755859476932,0.06279234955306129,0.43636112213720407,0.14796795406108823,0.060677556740007244,0.0396651071348985,0.31109739540035614,0.05586606012910238,-0.14867620218636354,0.12428489624951303,-0.15132379781363645
916,0.06128755859476932,0.06279234955306129,0.43636112213720407,0.14796795406108823,0.060677556740007244,0.0396651071348985,0.31109739540035614,0.05586606012910238,-0.14867620218636354,0.12428489624951303,-0.15132379781363645
917,0.06128755859476932,0.06279234955306129,0.43636112213720407,0.14796795406108823,0.060677556740007244,0.0396651071348985,0.31109739540035614,0.05586606012910238,-0.14867620218636354,0.12428489624951303,-0.15132379781363645
918,0.06128755859476932,0.06279234955306129,0.43636112213720407,0.14796795406108823,0.060677556740007244,0.0396651071348985,0.31109739540035614,0.05586606012910238,-0.14867620218636354,0.12428489624951303,-0.15132379781363645
919,0.06128755859476932,0.06279234955306129,0.43636112213720407,0.14796795406108823,0.060677556740007244,0.0396651071348985,0.31109739540035614,0.05586606012910238,-0.14867620218636354,0.12428489624951303,-0.15132379781363645
920,0.06128755859476932,0.06279234955306129,0.43636112213720407,0.14796795406108823,0.060677556740007244,0.0396651071348985,0.31109739540035614,0.05586606012910238,-0.14867620218636354,0.12428489624951303,-0.15132379781363645
921,0.06128755859476932,0.06279234955306129,0.43636112213720407,0.14796795406108823,0.060677556740007244,0.0396651071348985,0.31109739540035614,0.05586606012910238,-0.14867620218636354,0.12428489624951303,-0.15132379781363645
922,0.06128755859476932,0.06279234955306129,0.43636112213720407,0.14796795406108823,0.060677556740007244,0.0396651071348985,0.31109739540035614,0.05586606012910238,-0.14867620218636354,0.12428489624951303,-0.15132379781363645
923,0.06128755859476932,0.06279234955306129,0.43636112213720407,0.14796795406108823,0.060677556740007244,0.0396651071348985,0.31109739540035614,0.05586606012910238,-0.14867620218636354,0.12428489624951303,-0.15132379781363645
924,0.06128755859476932,0.06279234955306129,0.43636112213720407,0.14796795406108823,0.060677556740007244,0.0396651071348985,0.31109739540035614,0.05586606012910238,-0.14867620218636354,0.12428489624951303,-0.15132379781363645
925,0.06128755859476932,0.06279234955306129,0.43636112213720407,0.14796795406108823,0.060677556740007244,0.0396651071348985,0.31109739540035614,0.05586606012910238,-0.14867620218636354,0.12428489624951303,-0.15132379781363645
926,0.06128755859476932,0.06279234955306129,0.43636112213720407,0.14796795406108823,0.060677556740007244,0.0396651071348985,0.31109739540035614,0.05586606012910238,-0.14867620218636354,0.12428489624951303,-0.15132379781363645
927,0.06128755859476932,0.06279234955306129,0.43636112213720407,0.14796795406108823,0.060677556740007244,0.0396651071348985,0.31109739540035614,0.05586606012910238,-0.14867620218636354,0.12428489624951303,-0.15132379781363645
928,0.06128755859476932,0.06279234955306129,0.43636112213720407,0.14796795406108823,0.060677556740007244,0.0396651071348985,0.31109739540035614,0.05586606012910238,-0.14867620218636354,0.12428489624951303,-0.15132379781363645
929,0.06128755859476932,0.06279234955306129,0.43636112213720407,0.14796795406108823,0.060677556740007244,0.0396651071348985,0.31109739540035614,0.05586606012910238,-0.14867620218636354,0.12428489624951303,-0.15132379781363645
930,0.06128755859476932,0.06279234955306129,0.43636112213720407,0.14796795406108823,0.060677556740007244,0.0396651071348985,0.31109739540035614,0.05586606012910238,-0.14867620218636354,0.12428489624951303,-0.15132379781363645
931,0.06128755859476932,0.06279234955306129,0.43636112213720407,0.14796795406108823,0.060677556740007244,0.0396651071348985,0.31109739540035614,0.05586606012910238,-0.14867620218636354,0.12428489624951303,-0.15132379781363645
932,0.06128755859476932,0.06279234955306129,0.43636112213720407,0.14796795406108823,0.060677556740007244,0.0396651071348985,0.31109739540035614,0.05586606012910238,-0.14867620218636354,0.12428489624951303,-0.15132379781363645
933,0.06128755859476932,0.06279234955306129,0.43636112213720407,0.14796795406108823,0.060677556740007244,0.0396651071348985,0.31109739540035614,0.05586606012910238,-0.14867620218636354,0.12428489624951303,-0.15132379781363645
934,0.06128755859476932,0.06279234955306129,0.43636112213720407,0.14796795406108823,0.060677556740007244,0.0396651071348985,0.31109739540035614,0.05586606012910238,-0.14867620218636354,0.12428489624951303,-0.15132379781363645
935,0.06128755859476932,0.06279234955306129,0.43636112213720407,0.14796795406108823,0.060677556740007244,0.0396651071348985,0.31109739540035614,0.05586606012910238,-0.14867620218636354,0.12428489624951303,-0.15132379781363645
936,0.06128755859476932,0.06279234955306129,0.43636112213720407,0.14796795406108823,0.060677556740007244,0.0396651071348985,0.31109739540035614,0.05586606012910238,-0.14867620218636354,0.12428489624951303,-0.15132379781363645
937,0.06128755859476932,0.06279234955306129,0.43636112213720407,0.14796795406108823,0.060677556740007244,0.0396651071348985,0.31109739540035614,0.05586606012910238,-0.14867620218636354,0.12428489624951303,-0.15132379781363645
938,0.06128755859476932,0.06279234955306129,0.43636112213720407,0.14796795406108823,0.060677556740007244,0.0396651071348985,0.31109739540035614,0.05586606012910238,-0.14867620218636354,0.12428489624951303,-0.15132379781363645
939,0.06128755859476932,0.06279234955306129,0.43636112213720407,0.14796795406108823,0.060677556740007244,0.0396651071348985,0.31109739540035614,0.05586606012910238,-0.14867620218636354,0.12428489624951303,-0.15132379781363645
940,0.06128755859476932,0.06279234955306129,0.43636112213720407,0.14796795406108823,0.060677556740007244,0.0396651071348985,0.31109739540035614,0.05586606012910238,-0.14867620218636354,0.12428489624951303,-0.15132379781363645
941,0.06128755859476932,0.06279234955306129,0.43636112213720407,0.14796795406108823,0.060677556740007244,0.0396651071348985,0.31109739540035614,0.05586606012910238,-0.14867620218636354,0.12428489624951303,-0.15132379781363645
942,0.028500681718814553,0.03113647986388564,0.0557967248247058,0.0333337067749612,0.025548288052746587,0.044391029346611016,0.03494580803295847,0.024651859037782844,0.12827682990067185,0.31001652915856037,0.28340206328830164
943,0.028500681718814553,0.03113647986388564,0.0557967248247058,0.0333337067749612,0.025548288052746587,0.044391029346611016,0.03494580803295847,0.024651859037782844,0.12827682990067185,0.31001652915856037,0.28340206328830164
944,0.028500681718814553,0.03113647986388564,0.0557967248247058,0.0333337067749612,0.025548288052746587,0.044391029346611016,0.03494580803295847,0.024651859037782844,0.12827682990067185,0.31001652915856037,0.28340206328830164
945,0.028500681718814553,0.03113647986388564,0.0557967248247058,0.0333337067749612,0.025548288052746587,0.044391029346611016,0.03494580803295847,0.024651859037782844,0.12827682990067185,0.31001652915856037,0.28340206328830164
946,0.028500681718814553,0.03113647986388564,0.0557967248247058,0.0333337067749612,0.025548288052746587,0.044391029346611016,0.03494580803295847,0.024651859037782844,0.12827682990067185,0.31001652915856037,0.28340206328830164
947,0.028500681718814553,0.03113647986388564,0.0557967248247058,0.0333337067749612,0.025548288052746587,0.044391029346611016,0.03494580803295847,0.024651859037782844,0.12827682990067185,0.31001652915856037,0.28340206328830164
948,0.028500681718814553,0.03113647986388564,0.0557967248247058,0.0333337067749612,0.025548288052746587,0.044391029346611016,0.03494580803295847,0.024651859037782844,0.12827682990067185,0.31001652915856037,0.28340206328830164
949,0.028500681718814553,0.03113647986388564,0.0557967248247058,0.0333337067749612,0.025548288052746587,0.044391029346611016,0.03494580803295847,0.024651859037782844,0.12827682990067185,0.31001652915856037,0.28340206328830164
950,0.028500681718814553,0.03113647986388564,0.0557967248247058,0.0333337067749612,0.025548288052746587,0.044391029346611016,0.03494580803295847,0.024651859037782844,0.12827682990067185,0.31001652915856037,0.28340206328830164
951,0.028500681718814553,0.03113647986388564,0.0557967248247058,0.0333337067749612,0.025548288052746587,0.044391029346611016,0.03494580803295847,0.024651859037782844,0.12827682990067185,0.31001652915856037,0.28340206328830164
952,0.028500681718814553,0.03113647986388564,0.0557967248247058,0.0333337067749612,0.025548288052746587,0.044391029346611016,0.03494580803295847,0.024651859037782844,0.12827682990067185,0.31001652915856037,0.28340206328830164
953,0.028500681718814553,0.03113647986388564,0.0557967248247058,0.0333337067749612,0.025548288052746587,0.044391029346611016,0.03494580803295847,0.024651859037782844,0.12827682990067185,0.31001652915856037,0.28340206328830164
954,0.028500681718814553,0.03113647986388564,0.0557967248247058,0.0333337067749612,0.025548288052746587,0.044391029346611016,0.03494580803295847,0.024651859037782844,0.12827682990067185,0.31001652915856037,0.28340206328830164
955,0.028500681718814553,0.03113647986388564,0.0557967248247058,0.0333337067749612,0.025548288052746587,0.044391029346611016,0.03494580803295847,0.024651859037782844,0.12827682990067185,0.31001652915856037,0.28340206328830164
956,0.028500681718814553,0.03113647986388564,0.0557967248247058,0.0333337067749612,0.025548288052746587,0.044391029346611016,0.03494580803295847,0.024651859037782844,0.12827682990067185,0.31001652915856037,0.28340206328830164
957,0.028500681718814553,0.03113647986388564,0.0557967248247058,0.0333337067749612,0.025548288052746587,0.044391029346611016,0.03494580803295847,0.024651859037782844,0.12827682990067185,0.31001652915856037,0.28340206328830164
958,0.028500681718814553,0.03113647986388564,0.0557967248247058,0.0333337067749612,0.025548288052746587,0.044391029346611016,0.03494580803295847,0.024651859037782844,0.12827682990067185,0.31001652915856037,0.28340206328830164
959,0.028500681718814553,0.03113647986388564,0.0557967248247058,0.0333337067749612,0.025548288052746587,0.044391029346611016,0.03494580803295847,0.024651859037782844,0.12827682990067185,0.31001652915856037,0.28340206328830164
960,0.028500681718814553,0.03113647986388564,0.0557967248247058,0.0333337067749612,0.025548288052746587,0.044391029346611016,0.03494580803295847,0.024651859037782844,0.12827682990067185,0.31001652915856037,0.28340206328830164
961,0.028500681718814553,0.03113647986388564,0.0557967248247058,0.0333337067749612,0.025548288052746587,0.044391029346611016,0.03494580803295847,0.024651859037782844,0.12827682990067185,0.31001652915856037,0.28340206328830164
962,0.028500681718814553,0.03113647986388564,0.0557967248247058,0.0333337067749612,0.025548288052746587,0.044391029346611016,0.03494580803295847,0.024651859037782844,0.12827682990067185,0.31001652915856037,0.28340206328830164
963,0.028500681718814553,0.03113647986388564,0.0557967248247058,0.0333337067749612,0.025548288052746587,0.044391029346611016,0.03494580803295847,0.024651859037782844,0.12827682990067185,0.31001652915856037,0.28340206328830164
964,0.028500681718814553,0.03113647986388564,0.0557967248247058,0.0333337067749612,0.025548288052746587,0.044391029346611016,0.03494580803295847,0.024651859037782844,0.12827682990067185,0.31001652915856037,0.28340206328830164
965,0.028500681718814553,0.03113647986388564,0.0557967248247058,0.0333337067749612,0.025548288052746587,0.044391029346611016,0.03494580803295847,0.024651859037782844,0.12827682990067185,0.31001652915856037,0.28340206328830164
966,0.028500681718814553,0.03113647986388564,0.0557967248247058,0.0333337067749612,0.025548288052746587,0.044391029346611016,0.03494580803295847,0.024651859037782844,0.12827682990067185,0.31001652915856037,0.28340206328830164
967,0.028500681718814553,0.03113647986388564,0.0557967248247058,0.0333337067749612,0.025548288052746587,0.044391029346611016,0.03494580803295847,0.024651859037782844,0.12827682990067185,0.31001652915856037,0.28340206328830164
968,0.028500681718814553,0.03113647986388564,0.0557967248247058,0.0333337067749612,0.025548288052746587,0.044391029346611016,0.03494580803295847,0.024651859037782844,0.12827682990067185,0.31001652915856037,0.28340206328830164
969,0.028500681718814553,0.03113647986388564,0.0557967248247058,0.0333337067749612,0.025548288052746587,0.044391029346611016,0.03494580803295847,0.024651859037782844,0.12827682990067185,0.31001652915856037,0.28340206328830164
970,0.028500681718814553,0.03113647986388564,0.0557967248247058,0.0333337067749612,0.025548288052746587,0.044391029346611016,0.03494580803295847,0.024651859037782844,0.12827682990067185,0.31001652915856037,0.28340206328830164
971,0.028500681718814553,0.03113647986388564,0.0557967248247058,0.0333337067749612,0.025548288052746587,0.044391029346611016,0.03494580803295847,0.024651859037782844,0.12827682990067185,0.31001652915856037,0.28340206328830164
972,0.028500681718814553,0.03113647986388564,0.0557967248247058,0.0333337067749612,0.025548288052746587,0.044391029346611016,0.03494580803295847,0.024651859037782844,0.12827682990067185,0.31001652915856037,0.28340206328830164
973,0.014922410854481058,-0.0629736054064171,0.006963353178818471,-0.005510587504414273,-0.007650356491595263,0.811284400879138,-0.014116059620523421,0.009827387660193013,0.23220823880529717,0.00483269244267196,0.010212125202350387
974,0.014922410854481058,-0.0629736054064171,0.006963353178818471,-0.005510587504414273,-0.007650356491595263,0.811284400879138,-0.014116059620523421,0.009827387660193013,0.23220823880529717,0.00483269244267196,0.010212125202350387
975,0.014922410854481058,-0.0629736054064171,0.006963353178818471,-0.005510587504414273,-0.007650356491595263,0.811284400879138,-0.014116059620523421,0.009827387660193013,0.23220823880529717,0.00483269244267196,0.010212125202350387
976,0.014922410854481058,-0.0629736054064171,0.006963353178818471,-0.005510587504414273,-0.007650356491595263,0.811284400879138,-0.014116059620523421,0.009827387660193013,0.23220823880529717,0.00483269244267196,0.010212125202350387
977,0.014922410854481058,-0.0629736054064171,0.006963353178818471,-0.005510587504414273,-0.007650356491595263,0.811284400879138,-0.014116059620523421,0.009827387660193013,0.23220823880529717,0.00483269244267196,0.010212125202350387
978,0.014922410854481058,-0.0629736054064171,0.006963353178818471,-0.005510587504414273,-0.007650356491595263,0.811284400879138,-0.014116059620523421,0.009827387660193013,0.23220823880529717,0.00483269244267196,0.010212125202350387
979,0.014922410854481058,-0.0629736054064171,0.006963353178818471,-0.005510587504414273,-0.007650356491595263,0.811284400879138,-0.014116059620523421,0.009827387660193013,0.23220823880529717,0.00483269244267196,0.010212125202350387
980,0.014922410854481058,-0.0629736054064171,0.006963353178818471,-0.005510587504414273,-0.007650356491595263,0.811284400879138,-0.014116059620523421,0.009827387660193013,0.23220823880529717,0.00483269244267196,0.010212125202350387
981,0.014922410854481058,-0.0629736054064171,0.006963353178818471,-0.005510587504414273,-0.007650356491595263,0.811284400879138,-0.014116059620523421,0.009827387660193013,0.23220823880529717,0.00483269244267196,0.010212125202350387
982,0.014922410854481058,-0.0629736054064171,0.006963353178818471,-0.005510587504414273,-0.007650356491595263,0.811284400879138,-0.014116059620523421,0.009827387660193013,0.23220823880529717,0.00483269244267196,0.010212125202350387
983,0.014922410854481058,-0.0629736054064171,0.006963353178818471,-0.005510587504414273,-0.007650356491595263,0.811284400879138,-0.014116059620523421,0.009827387660193013,0.23220823880529717,0.00483269244267196,0.010212125202350387
984,0.014922410854481058,-0.0629736054064171,0.006963353178818471,-0.005510587504414273,-0.007650356491595263,0.811284400879138,-0.014116059620523421,0.009827387660193013,0.23220823880529717,0.00483269244267196,0.010212125202350387
985,0.014922410854481058,-0.0629736054064171,0.006963353178818471,-0.005510587504414273,-0.007650356491595263,0.811284400879138,-0.014116059620523421,0.009827387660193013,0.23220823880529717,0.00483269244267196,0.010212125202350387
986,0.014922410854481058,-0.0629736054064171,0.006963353178818471,-0.005510587504414273,-0.007650356491595263,0.811284400879138,-0.014116059620523421,0.009827387660193013,0.23220823880529717,0.00483269244267196,0.010212125202350387
987,0.014922410854481058,-0.0629736054064171,0.006963353178818471,-0.005510587504414273,-0.007650356491595263,0.811284400879138,-0.014116059620523421,0.009827387660193013,0.23220823880529717,0.00483269244267196,0.010212125202350387
988,0.014922410854481058,-0.0629736054064171,0.006963353178818471,-0.005510587504414273,-0.007650356491595263,0.811284400879138,-0.014116059620523421,0.009827387660193013,0.23220823880529717,0.00483269244267196,0.010212125202350387
989,0.014922410854481058,-0.0629736054064171,0.006963353178818471,-0.005510587504414273,-0.007650356491595263,0.811284400879138,-0.014116059620523421,0.009827387660193013,0.23220823880529717,0.00483269244267196,0.010212125202350387
990,0.014922410854481058,-0.0629736054064171,0.006963353178818471,-0.005510587504414273,-0.007650356491595263,0.811284400879138,-0.014116059620523421,0.009827387660193013,0.23220823880529717,0.00483269244267196,0.010212125202350387
991,0.014922410854481058,-0.0629736054064171,0.006963353178818471,-0.005510587504414273,-0.007650356491595263,0.811284400879138,-0.014116059620523421,0.009827387660193013,0.23220823880529717,0.00483269244267196,0.010212125202350387
992,0.014922410854481058,-0.0629736054064171,0.006963353178818471,-0.005510587504414273,-0.007650356491595263,0.811284400879138,-0.014116059620523421,0.009827387660193013,0.23220823880529717,0.00483269244267196,0.010212125202350387
993,0.014922410854481058,-0.0629736054064171,0.006963353178818471,-0.005510587504414273,-0.007650356491595263,0.811284400879138,-0.014116059620523421,0.009827387660193013,0.23220823880529717,0.00483269244267196,0.010212125202350387
994,0.014922410854481058,-0.0629736054064171,0.006963353178818471,-0.005510587504414273,-0.007650356491595263,0.811284400879138,-0.014116059620523421,0.009827387660193013,0.23220823880529717,0.00483269244267196,0.010212125202350387
995,0.014922410854481058,-0.0629736054064171,0.006963353178818471,-0.005510587504414273,-0.007650356491595263,0.811284400879138,-0.014116059620523421,0.009827387660193013,0.23220823880529717,0.00483269244267196,0.010212125202350387
996,0.014922410854481058,-0.0629736054064171,0.006963353178818471,-0.005510587504414273,-0.007650356491595263,0.811284400879138,-0.014116059620523421,0.009827387660193013,0.23220823880529717,0.00483269244267196,0.010212125202350387
997,0.014922410854481058,-0.0629736054064171,0.006963353178818471,-0.005510587504414273,-0.007650356491595263,0.811284400879138,-0.014116059620523421,0.009827387660193013,0.23220823880529717,0.00483269244267196,0.010212125202350387
998,0.014922410854481058,-0.0629736054064171,0.006963353178818471,-0.005510587504414273,-0.007650356491595263,0.811284400879138,-0.014116059620523421,0.009827387660193013,0.23220823880529717,0.00483269244267196,0.010212125202350387
999,0.014922410854481058,-0.0629736054064171,0.006963353178818471,-0.005510587504414273,-0.007650356491595263,0.811284400879138,-0.014116059620523421,0.009827387660193013,0.23220823880529717,0.00483269244267196,0.010212125202350387
1000,0.014922410854481058,-0.0629736054064171,0.006963353178818471,-0.005510587504414273,-0.007650356491595263,0.811284400879138,-0.014116059620523421,0.009827387660193013,0.23220823880529717,0.00483269244267196,0.010212125202350387
1001,0.014922410854481058,-0.0629736054064171,0.006963353178818471,-0.005510587504414273,-0.007650356491595263,0.811284400879138,-0.014116059620523421,0.009827387660193013,0.23220823880529717,0.00483269244267196,0.010212125202350387
1002,0.014922410854481058,-0.0629736054064171,0.006963353178818471,-0.005510587504414273,-0.007650356491595263,0.811284400879138,-0.014116059620523421,0.009827387660193013,0.23220823880529717,0.00483269244267196,0.010212125202350387
1003,0.05731090478864779,0.07223611414074581,0.2478503852464102,-0.18683357617110094,0.1964850052115398,0.24380807844610417,0.06331202001738591,0.06707249403445363,0.06449695296967978,-0.11316642382889895,0.2874280451450329
1004,0.05731090478864779,0.07223611414074581,0.2478503852464102,-0.18683357617110094,0.1964850052115398,0.24380807844610417,0.06331202001738591,0.06707249403445363,0.06449695296967978,-0.11316642382889895,0.2874280451450329
1005,0.05731090478864779,0.07223611414074581,0.2478503852464102,-0.18683357617110094,0.1964850052115398,0.24380807844610417,0.06331202001738591,0.06707249403445363,0.06449695296967978,-0.11316642382889895,0.2874280451450329
1006,0.05731090478864779,0.07223611414074581,0.2478503852464102,-0.18683357617110094,0.1964850052115398,0.24380807844610417,0.06331202001738591,0.06707249403445363,0.06449695296967978,-0.11316642382889895,0.2874280451450329
1007,0.05731090478864779,0.07223611414074581,0.2478503852464102,-0.18683357617110094,0.1964850052115398,0.24380807844610417,0.06331202001738591,0.06707249403445363,0.06449695296967978,-0.11316642382889895,0.2874280451450329
1008,0.05731090478864779,0.07223611414074581,0.2478503852464102,-0.18683357617110094,0.1964850052115398,0.24380807844610417,0.06331202001738591,0.06707249403445363,0.06449695296967978,-0.11316642382889895,0.2874280451450329
1009,0.05731090478864779,0.07223611414074581,0.2478503852464102,-0.18683357617110094,0.1964850052115398,0.24380807844610417,0.06331202001738591,0.06707249403445363,0.06449695296967978,-0.11316642382889895,0.2874280451450329
1010,0.05731090478864779,0.07223611414074581,0.2478503852464102,-0.18683357617110094,0.1964850052115398,0.24380807844610417,0.06331202001738591,0.06707249403445363,0.06449695296967978,-0.11316642382889895,0.2874280451450329
1011,0.05731090478864779,0.07223611414074581,0.2478503852464102,-0.18683357617110094,0.1964850052115398,0.24380807844610417,0.06331202001738591,0.06707249403445363,0.06449695296967978,-0.11316642382889895,0.2874280451450329
1012,0.05731090478864779,0.07223611414074581,0.2478503852464102,-0.18683357617110094,0.1964850052115398,0.24380807844610417,0.06331202001738591,0.06707249403445363,0.06449695296967978,-0.11316642382889895,0.2874280451450329
1013,0.05731090478864779,0.07223611414074581,0.2478503852464102,-0.18683357617110094,0.1964850052115398,0.24380807844610417,0.06331202001738591,0.06707249403445363,0.06449695296967978,-0.11316642382889895,0.2874280451450329
1014,0.05731090478864779,0.07223611414074581,0.2478503852464102,-0.18683357617110094,0.1964850052115398,0.24380807844610417,0.06331202001738591,0.06707249403445363,0.06449695296967978,-0.11316642382889895,0.2874280451450329
1015,0.05731090478864779,0.07223611414074581,0.2478503852464102,-0.18683357617110094,0.1964850052115398,0.24380807844610417,0.06331202001738591,0.06707249403445363,0.06449695296967978,-0.11316642382889895,0.2874280451450329
1016,0.05731090478864779,0.07223611414074581,0.2478503852464102,-0.18683357617110094,0.1964850052115398,0.24380807844610417,0.06331202001738591,0.06707249403445363,0.06449695296967978,-0.11316642382889895,0.2874280451450329
1017,0.05731090478864779,0.07223611414074581,0.2478503852464102,-0.18683357617110094,0.1964850052115398,0.24380807844610417,0.06331202001738591,0.06707249403445363,0.06449695296967978,-0.11316642382889895,0.2874280451450329
1018,0.05731090478864779,0.07223611414074581,0.2478503852464102,-0.18683357617110094,0.1964850052115398,0.24380807844610417,0.06331202001738591,0.06707249403445363,0.06449695296967978,-0.11316642382889895,0.2874280451450329
1019,0.05731090478864779,0.07223611414074581,0.2478503852464102,-0.18683357617110094,0.1964850052115398,0.24380807844610417,0.06331202001738591,0.06707249403445363,0.06449695296967978,-0.11316642382889895,0.2874280451450329
1020,0.05731090478864779,0.07223611414074581,0.2478503852464102,-0.18683357617110094,0.1964850052115398,0.24380807844610417,0.06331202001738591,0.06707249403445363,0.06449695296967978,-0.11316642382889895,0.2874280451450329
1021,0.05731090478864779,0.07223611414074581,0.2478503852464102,-0.18683357617110094,0.1964850052115398,0.24380807844610417,0.06331202001738591,0.06707249403445363,0.06449695296967978,-0.11316642382889895,0.2874280451450329
1022,0.05731090478864779,0.07223611414074581,0.2478503852464102,-0.18683357617110094,0.1964850052115398,0.24380807844610417,0.06331202001738591,0.06707249403445363,0.06449695296967978,-0.11316642382889895,0.2874280451450329
1023,0.05731090478864779,0.07223611414074581,0.2478503852464102,-0.18683357617110094,0.1964850052115398,0.24380807844610417,0.06331202001738591,0.06707249403445363,0.06449695296967978,-0.11316642382889895,0.2874280451450329
1024,0.05731090478864779,0.07223611414074581,0.2478503852464102,-0.18683357617110094,0.1964850052115398,0.24380807844610417,0.06331202001738591,0.06707249403445363,0.06449695296967978,-0.11316642382889895,0.2874280451450329
1025,0.05731090478864779,0.07223611414074581,0.2478503852464102,-0.18683357617110094,0.1964850052115398,0.24380807844610417,0.06331202001738591,0.06707249403445363,0.06449695296967978,-0.11316642382889895,0.2874280451450329
1026,0.05731090478864779,0.07223611414074581,0.2478503852464102,-0.18683357617110094,0.1964850052115398,0.24380807844610417,0.06331202001738591,0.06707249403445363,0.06449695296967978,-0.11316642382889895,0.2874280451450329
1027,0.05731090478864779,0.07223611414074581,0.2478503852464102,-0.18683357617110094,0.1964850052115398,0.24380807844610417,0.06331202001738591,0.06707249403445363,0.06449695296967978,-0.11316642382889895,0.2874280451450329
1028,0.05731090478864779,0.07223611414074581,0.2478503852464102,-0.18683357617110094,0.1964850052115398,0.24380807844610417,0.06331202001738591,0.06707249403445363,0.06449695296967978,-0.11316642382889895,0.2874280451450329
1029,0.05731090478864779,0.07223611414074581,0.2478503852464102,-0.18683357617110094,0.1964850052115398,0.24380807844610417,0.06331202001738591,0.06707249403445363,0.06449695296967978,-0.11316642382889895,0.2874280451450329
1030,0.05731090478864779,0.07223611414074581,0.2478503852464102,-0.18683357617110094,0.1964850052115398,0.24380807844610417,0.06331202001738591,0.06707249403445363,0.06449695296967978,-0.11316642382889895,0.2874280451450329
1031,0.05731090478864779,0.07223611414074581,0.2478503852464102,-0.18683357617110094,0.1964850052115398,0.24380807844610417,0.06331202001738591,0.06707249403445363,0.06449695296967978,-0.11316642382889895,0.2874280451450329
1032,0.05731090478864779,0.07223611414074581,0.2478503852464102,-0.18683357617110094,0.1964850052115398,0.24380807844610417,0.06331202001738591,0.06707249403445363,0.06449695296967978,-0.11316642382889895,0.2874280451450329
1033,0.05731090478864779,0.07223611414074581,0.2478503852464102,-0.18683357617110094,0.1964850052115398,0.24380807844610417,0.06331202001738591,0.06707249403445363,0.06449695296967978,-0.11316642382889895,0.2874280451450329
1034,-0.017715980045736695,-0.005737155940030674,-0.0158349309830936,-0.040903898413036426,-0.007371040612145079,-0.021330669201032118,1.1117789374802884,-0.009363243891320039,0.02673014115555428,-0.009783417372946667,-0.01046874217650137
1035,-0.017715980045736695,-0.005737155940030674,-0.0158349309830936,-0.040903898413036426,-0.007371040612145079,-0.021330669201032118,1.1117789374802884,-0.009363243891320039,0.02673014115555428,-0.009783417372946667,-0.01046874217650137
1036,-0.017715980045736695,-0.005737155940030674,-0.0158349309830936,-0.040903898413036426,-0.007371040612145079,-0.021330669201032118,1.1117789374802884,-0.009363243891320039,0.02673014115555428,-0.009783417372946667,-0.01046874217650137
1037,-0.017715980045736695,-0.005737155940030674,-0.0158349309830936,-0.040903898413036426,-0.007371040612145079,-0.021330669201032118,1.1117789374802884,-0.009363243891320039,0.02673014115555428,-0.009783417372946667,-0.01046874217650137
1038,-0.017715980045736695,-0.005737155940030674,-0.0158349309830936,-0.040903898413036426,-0.007371040612145079,-0.021330669201032118,1.1117789374802884,-0.009363243891320039,0.02673014115555428,-0.009783417372946667,-0.01046874217650137
1039,-0.017715980045736695,-0.005737155940030674,-0.0158349309830936,-0.040903898413036426,-0.007371040612145079,-0.021330669201032118,1.1117789374802884,-0.009363243891320039,0.02673014115555428,-0.009783417372946667,-0.01046874217650137
1040,-0.017715980045736695,-0.005737155940030674,-0.0158349309830936,-0.040903898413036426,-0.007371040612145079,-0.021330669201032118,1.1117789374802884,-0.009363243891320039,0.02673014115555428,-0.009783417372946667,-0.01046874217650137
1041,-0.017715980045736695,-0.005737155940030674,-0.0158349309830936,-0.040903898413036426,-0.007371040612145079,-0.021330669201032118,1.1117789374802884,-0.009363243891320039,0.02673014115555428,-0.009783417372946667,-0.01046874217650137
1042,-0.017715980045736695,-0.005737155940030674,-0.0158349309830936,-0.040903898413036426,-0.007371040612145079,-0.021330669201032118,1.1117789374802884,-0.009363243891320039,0.02673014115555428,-0.009783417372946667,-0.01046874217650137
1043,-0.017715980045736695,-0.005737155940030674,-0.0158349309830936,-0.040903898413036426,-0.007371040612145079,-0.021330669201032118,1.1117789374802884,-0.009363243891320039,0.02673014115555428,-0.009783417372946667,-0.01046874217650137
1044,-0.017715980045736695,-0.005737155940030674,-0.0158349309830936,-0.040903898413036426,-0.007371040612145079,-0.021330669201032118,1.1117789374802884,-0.009363243891320039,0.02673014115555428,-0.009783417372946667,-0.01046874217650137
1045,-0.017715980045736695,-0.005737155940030674,-0.0158349309830936,-0.040903898413036426,-0.007371040612145079,-0.021330669201032118,1.1117789374802884,-0.009363243891320039,0.02673014115555428,-0.009783417372946667,-0.01046874217650137
1046,-0.017715980045736695,-0.005737155940030674,-0.0158349309830936,-0.040903898413036426,-0.007371040612145079,-0.021330669201032118,1.1117789374802884,-0.009363243891320039,0.02673014115555428,-0.009783417372946667,-0.01046874217650137
1047,-0.017715980045736695,-0.005737155940030674,-0.0158349309830936,-0.040903898413036426,-0.007371040612145079,-0.021330669201032118,1.1117789374802884,-0.009363243891320039,0.02673014115555428,-0.009783417372946667,-0.01046874217650137
1048,-0.017715980045736695,-0.005737155940030674,-0.0158349309830936,-0.040903898413036426,-0.007371040612145079,-0.021330669201032118,1.1117789374802884,-0.009363243891320039,0.02673014115555428,-0.009783417372946667,-0.01046874217650137
1049,-0.017715980045736695,-0.005737155940030674,-0.0158349309830936,-0.040903898413036426,-0.007371040612145079,-0.021330669201032118,1.1117789374802884,-0.009363243891320039,0.02673014115555428,-0.009783417372946667,-0.01046874217650137
1050,-0.017715980045736695,-0.005737155940030674,-0.0158349309830936,-0.040903898413036426,-0.007371040612145079,-0.021330669201032118,1.1117789374802884,-0.009363243891320039,0.02673014115555428,-0.009783417372946667,-0.01046874217650137
1051,-0.017715980045736695,-0.005737155940030674,-0.0158349309830936,-0.040903898413036426,-0.007371040612145079,-0.021330669201032118,1.1117789374802884,-0.009363243891320039,0.02673014115555428,-0.009783417372946667,-0.01046874217650137
1052,-0.017715980045736695,-0.005737155940030674,-0.0158349309830936,-0.040903898413036426,-0.007371040612145079,-0.021330669201032118,1.1117789374802884,-0.009363243891320039,0.02673014115555428,-0.009783417372946667,-0.01046874217650137
1053,-0.017715980045736695,-0.005737155940030674,-0.0158349309830936,-0.040903898413036426,-0.007371040612145079,-0.021330669201032118,1.1117789374802884,-0.009363243891320039,0.02673014115555428,-0.009783417372946667,-0.01046874217650137
1054,-0.017715980045736695,-0.005737155940030674,-0.0158349309830936,-0.040903898413036426,-0.007371040612145079,-0.021330669201032118,1.1117789374802884,-0.009363243891320039,0.02673014115555428,-0.009783417372946667,-0.01046874217650137
1055,-0.017715980045736695,-0.005737155940030674,-0.0158349309830936,-0.040903898413036426,-0.007371040612145079,-0.021330669201032118,1.1117789374802884,-0.009363243891320039,0.02673014115555428,-0.009783417372946667,-0.01046874217650137
1056,-0.017715980045736695,-0.005737155940030674,-0.0158349309830936,-0.040903898413036426,-0.007371040612145079,-0.021330669201032118,1.1117789374802884,-0.009363243891320039,0.02673014115555428,-0.009783417372946667,-0.01046874217650137
1057,-0.017715980045736695,-0.005737155940030674,-0.0158349309830936,-0.040903898413036426,-0.007371040612145079,-0.021330669201032118,1.1117789374802884,-0.009363243891320039,0.02673014115555428,-0.009783417372946667,-0.01046874217650137
1058,-0.017715980045736695,-0.005737155940030674,-0.0158349309830936,-0.040903898413036426,-0.007371040612145079,-0.021330669201032118,1.1117789374802884,-0.009363243891320039,0.02673014115555428,-0.009783417372946667,-0.01046874217650137
1059,-0.017715980045736695,-0.005737155940030674,-0.0158349309830936,-0.040903898413036426,-0.007371040612145079,-0.021330669201032118,1.1117789374802884,-0.009363243891320039,0.02673014115555428,-0.009783417372946667,-0.01046874217650137
1060,-0.017715980045736695,-0.005737155940030674,-0.0158349309830936,-0.040903898413036426,-0.007371040612145079,-0.021330669201032118,1.1117789374802884,-0.009363243891320039,0.02673014115555428,-0.009783417372946667,-0.01046874217650137
1061,-0.017715980045736695,-0.005737155940030674,-0.0158349309830936,-0.040903898413036426,-0.007371040612145079,-0.021330669201032118,1.1117789374802884,-0.009363243891320039,0.02673014115555428,-0.009783417372946667,-0.01046874217650137
1062,-0.017715980045736695,-0.005737155940030674,-0.0158349309830936,-0.040903898413036426,-0.007371040612145079,-0.021330669201032118,1.1117789374802884,-0.009363243891320039,0.02673014115555428,-0.009783417372946667,-0.01046874217650137
1063,-0.017715980045736695,-0.005737155940030674,-0.0158349309830936,-0.040903898413036426,-0.007371040612145079,-0.021330669201032118,1.1117789374802884,-0.009363243891320039,0.02673014115555428,-0.009783417372946667,-0.01046874217650137
1064,0.0716749119412236,0.12428499838104566,0.14247574869153276,0.04688167061382136,0.0793642634129537,0.11734834357931632,0.07702161013916096,0.08254410368861378,0.09623035424784718,0.08475738079718469,0.07741661450729986
1065,0.0716749119412236,0.12428499838104566,0.14247574869153276,0.04688167061382136,0.0793642634129537,0.11734834357931632,0.07702161013916096,0.08254410368861378,0.09623035424784718,0.08475738079718469,0.07741661450729986
1066,0.0716749119412236,0.12428499838104566,0.14247574869153276,0.04688167061382136,0.0793642634129537,0.11734834357931632,0.07702161013916096,0.08254410368861378,0.09623035424784718,0.08475738079718469,0.07741661450729986
1067,0.0716749119412236,0.12428499838104566,0.14247574869153276,0.04688167061382136,0.0793642634129537,0.11734834357931632,0.07702161013916096,0.08254410368861378,0.09623035424784718,0.08475738079718469,0.07741661450729986
1068,0.0716749119412236,0.12428499838104566,0.14247574869153276,0.04688167061382136,0.0793642634129537,0.11734834357931632,0.07702161013916096,0.08254410368861378,0.09623035424784718,0.08475738079718469,0.07741661450729986
1069,0.0716749119412236,0.12428499838104566,0.14247574869153276,0.04688167061382136,0.0793642634129537,0.11734834357931632,0.07702161013916096,0.08254410368861378,0.09623035424784718,0.08475738079718469,0.07741661450729986
1070,0.0716749119412236,0.12428499838104566,0.14247574869153276,0.04688167061382136,0.0793642634129537,0.11734834357931632,0.07702161013916096,0.08254410368861378,0.09623035424784718,0.08475738079718469,0.07741661450729986
1071,0.0716749119412236,0.12428499838104566,0.14247574869153276,0.04688167061382136,0.0793642634129537,0.11734834357931632,0.07702161013916096,0.08254410368861378,0.09623035424784718,0.08475738079718469,0.07741661450729986
1072,0.0716749119412236,0.12428499838104566,0.14247574869153276,0.04688167061382136,0.0793642634129537,0.11734834357931632,0.07702161013916096,0.08254410368861378,0.09623035424784718,0.08475738079718469,0.07741661450729986
1073,0.0716749119412236,0.12428499838104566,0.14247574869153276,0.04688167061382136,0.0793642634129537,0.11734834357931632,0.07702161013916096,0.08254410368861378,0.09623035424784718,0.08475738079718469,0.07741661450729986
1074,0.0716749119412236,0.12428499838104566,0.14247574869153276,0.04688167061382136,0.0793642634129537,0.11734834357931632,0.07702161013916096,0.08254410368861378,0.09623035424784718,0.08475738079718469,0.07741661450729986
1075,0.0716749119412236,0.12428499838104566,0.14247574869153276,0.04688167061382136,0.0793642634129537,0.11734834357931632,0.07702161013916096,0.08254410368861378,0.09623035424784718,0.08475738079718469,0.07741661450729986
1076,0.0716749119412236,0.12428499838104566,0.14247574869153276,0.04688167061382136,0.0793642634129537,0.11734834357931632,0.07702161013916096,0.08254410368861378,0.09623035424784718,0.08475738079718469,0.07741661450729986
1077,0.0716749119412236,0.12428499838104566,0.14247574869153276,0.04688167061382136,0.0793642634129537,0.11734834357931632,0.07702161013916096,0.08254410368861378,0.09623035424784718,0.08475738079718469,0.07741661450729986
1078,0.0716749119412236,0.12428499838104566,0.14247574869153276,0.04688167061382136,0.0793642634129537,0.11734834357931632,0.07702161013916096,0.08254410368861378,0.09623035424784718,0.08475738079718469,0.07741661450729986
1079,0.0716749119412236,0.12428499838104566,0.14247574869153276,0.04688167061382136,0.0793642634129537,0.11734834357931632,0.07702161013916096,0.08254410368861378,0.09623035424784718,0.08475738079718469,0.07741661450729986
1080,0.0716749119412236,0.12428499838104566,0.14247574869153276,0.04688167061382136,0.0793642634129537,0.11734834357931632,0.07702161013916096,0.08254410368861378,0.09623035424784718,0.08475738079718469,0.07741661450729986
1081,0.0716749119412236,0.12428499838104566,0.14247574869153276,0.04688167061382136,0.0793642634129537,0.11734834357931632,0.07702161013916096,0.08254410368861378,0.09623035424784718,0.08475738079718469,0.07741661450729986
1082,0.0716749119412236,0.12428499838104566,0.14247574869153276,0.04688167061382136,0.0793642634129537,0.11734834357931632,0.07702161013916096,0.08254410368861378,0.09623035424784718,0.08475738079718469,0.07741661450729986
1083,0.0716749119412236,0.12428499838104566,0.14247574869153276,0.04688167061382136,0.0793642634129537,0.11734834357931632,0.07702161013916096,0.08254410368861378,0.09623035424784718,0.08475738079718469,0.07741661450729986
1084,0.0716749119412236,0.12428499838104566,0.14247574869153276,0.04688167061382136,0.0793642634129537,0.11734834357931632,0.07702161013916096,0.08254410368861378,0.09623035424784718,0.08475738079718469,0.07741661450729986
1085,0.0716749119412236,0.12428499838104566,0.14247574869153276,0.04688167061382136,0.0793642634129537,0.11734834357931632,0.07702161013916096,0.08254410368861378,0.09623035424784718,0.08475738079718469,0.07741661450729986
1086,0.0716749119412236,0.12428499838104566,0.14247574869153276,0.04688167061382136,0.0793642634129537,0.11734834357931632,0.07702161013916096,0.08254410368861378,0.09623035424784718,0.08475738079718469,0.07741661450729986
1087,0.0716749119412236,0.12428499838104566,0.14247574869153276,0.04688167061382136,0.0793642634129537,0.11734834357931632,0.07702161013916096,0.08254410368861378,0.09623035424784718,0.08475738079718469,0.07741661450729986
1088,0.0716749119412236,0.12428499838104566,0.14247574869153276,0.04688167061382136,0.0793642634129537,0.11734834357931632,0.07702161013916096,0.08254410368861378,0.09623035424784718,0.08475738079718469,0.07741661450729986
1089,0.0716749119412236,0.12428499838104566,0.14247574869153276,0.04688167061382136,0.0793642634129537,0.11734834357931632,0.07702161013916096,0.08254410368861378,0.09623035424784718,0.08475738079718469,0.07741661450729986
1090,0.0716749119412236,0.12428499838104566,0.14247574869153276,0.04688167061382136,0.0793642634129537,0.11734834357931632,0.07702161013916096,0.08254410368861378,0.09623035424784718,0.08475738079718469,0.07741661450729986
1091,0.0716749119412236,0.12428499838104566,0.14247574869153276,0.04688167061382136,0.0793642634129537,0.11734834357931632,0.07702161013916096,0.08254410368861378,0.09623035424784718,0.08475738079718469,0.07741661450729986
1092,0.0716749119412236,0.12428499838104566,0.14247574869153276,0.04688167061382136,0.0793642634129537,0.11734834357931632,0.07702161013916096,0.08254410368861378,0.09623035424784718,0.08475738079718469,0.07741661450729986
1093,0.0716749119412236,0.12428499838104566,0.14247574869153276,0.04688167061382136,0.0793642634129537,0.11734834357931632,0.07702161013916096,0.08254410368861378,0.09623035424784718,0.08475738079718469,0.07741661450729986
1094,0.0716749119412236,0.12428499838104566,0.14247574869153276,0.04688167061382136,0.0793642634129537,0.11734834357931632,0.07702161013916096,0.08254410368861378,0.09623035424784718,0.08475738079718469,0.07741661450729986
1095,0.05626670170721415,0.04946854646710703,0.21616447329359853,0.03900888673912071,0.07880570887903054,0.09299471244995673,0.07363375135723242,0.0481005451721582,0.09741695450648652,0.07808445489256632,0.17005526453552886
1096,0.05626670170721415,0.04946854646710703,0.21616447329359853,0.03900888673912071,0.07880570887903054,0.09299471244995673,0.07363375135723242,0.0481005451721582,0.09741695450648652,0.07808445489256632,0.17005526453552886
1097,0.05626670170721415,0.04946854646710703,0.21616447329359853,0.03900888673912071,0.07880570887903054,0.09299471244995673,0.07363375135723242,0.0481005451721582,0.09741695450648652,0.07808445489256632,0.17005526453552886
1098,0.05626670170721415,0.04946854646710703,0.21616447329359853,0.03900888673912071,0.07880570887903054,0.09299471244995673,0.07363375135723242,0.0481005451721582,0.09741695450648652,0.07808445489256632,0.17005526453552886
1099,0.05626670170721415,0.04946854646710703,0.21616447329359853,0.03900888673912071,0.07880570887903054,0.09299471244995673,0.07363375135723242,0.0481005451721582,0.09741695450648652,0.07808445489256632,0.17005526453552886
1100,0.05626670170721415,0.04946854646710703,0.21616447329359853,0.03900888673912071,0.07880570887903054,0.09299471244995673,0.07363375135723242,0.0481005451721582,0.09741695450648652,0.07808445489256632,0.17005526453552886
1101,0.05626670170721415,0.04946854646710703,0.21616447329359853,0.03900888673912071,0.07880570887903054,0.09299471244995673,0.07363375135723242,0.0481005451721582,0.09741695450648652,0.07808445489256632,0.17005526453552886
1102,0.05626670170721415,0.04946854646710703,0.21616447329359853,0.03900888673912071,0.07880570887903054,0.09299471244995673,0.07363375135723242,0.0481005451721582,0.09741695450648652,0.07808445489256632,0.17005526453552886
1103,0.05626670170721415,0.04946854646710703,0.21616447329359853,0.03900888673912071,0.07880570887903054,0.09299471244995673,0.07363375135723242,0.0481005451721582,0.09741695450648652,0.07808445489256632,0.17005526453552886
1104,0.05626670170721415,0.04946854646710703,0.21616447329359853,0.03900888673912071,0.07880570887903054,0.09299471244995673,0.07363375135723242,0.0481005451721582,0.09741695450648652,0.07808445489256632,0.17005526453552886
1105,0.05626670170721415,0.04946854646710703,0.21616447329359853,0.03900888673912071,0.07880570887903054,0.09299471244995673,0.07363375135723242,0.0481005451721582,0.09741695450648652,0.07808445489256632,0.17005526453552886
1106,0.05626670170721415,0.04946854646710703,0.21616447329359853,0.03900888673912071,0.07880570887903054,0.09299471244995673,0.07363375135723242,0.0481005451721582,0.09741695450648652,0.07808445489256632,0.17005526453552886
1107,0.05626670170721415,0.04946854646710703,0.21616447329359853,0.03900888673912071,0.07880570887903054,0.09299471244995673,0.07363375135723242,0.0481005451721582,0.09741695450648652,0.07808445489256632,0.17005526453552886
1108,0.05626670170721415,0.04946854646710703,0.21616447329359853,0.03900888673912071,0.07880570887903054,0.09299471244995673,0.07363375135723242,0.0481005451721582,0.09741695450648652,0.07808445489256632,0.17005526453552886
1109,0.05626670170721415,0.04946854646710703,0.21616447329359853,0.03900888673912071,0.07880570887903054,0.09299471244995673,0.07363375135723242,0.0481005451721582,0.09741695450648652,0.07808445489256632,0.17005526453552886
1110,0.05626670170721415,0.04946854646710703,0.21616447329359853,0.03900888673912071,0.07880570887903054,0.09299471244995673,0.07363375135723242,0.0481005451721582,0.09741695450648652,0.07808445489256632,0.17005526453552886
1111,0.05626670170721415,0.04946854646710703,0.21616447329359853,0.03900888673912071,0.07880570887903054,0.09299471244995673,0.07363375135723242,0.0481005451721582,0.09741695450648652,0.07808445489256632,0.17005526453552886
1112,0.05626670170721415,0.04946854646710703,0.21616447329359853,0.03900888673912071,0.07880570887903054,0.09299471244995673,0.07363375135723242,0.0481005451721582,0.09741695450648652,0.07808445489256632,0.17005526453552886
1113,0.05626670170721415,0.04946854646710703,0.21616447329359853,0.03900888673912071,0.07880570887903054,0.09299471244995673,0.07363375135723242,0.0481005451721582,0.09741695450648652,0.07808445489256632,0.17005526453552886
1114,0.05626670170721415,0.04946854646710703,0.21616447329359853,0.03900888673912071,0.07880570887903054,0.09299471244995673,0.07363375135723242,0.0481005451721582,0.09741695450648652,0.07808445489256632,0.17005526453552886
1115,0.05626670170721415,0.04946854646710703,0.21616447329359853,0.03900888673912071,0.07880570887903054,0.09299471244995673,0.07363375135723242,0.0481005451721582,0.09741695450648652,0.07808445489256632,0.17005526453552886
1116,0.05626670170721415,0.04946854646710703,0.21616447329359853,0.03900888673912071,0.07880570887903054,0.09299471244995673,0.07363375135723242,0.0481005451721582,0.09741695450648652,0.07808445489256632,0.17005526453552886
1117,0.05626670170721415,0.04946854646710703,0.21616447329359853,0.03900888673912071,0.07880570887903054,0.09299471244995673,0.07363375135723242,0.0481005451721582,0.09741695450648652,0.07808445489256632,0.17005526453552886
1118,0.05626670170721415,0.04946854646710703,0.21616447329359853,0.03900888673912071,0.07880570887903054,0.09299471244995673,0.07363375135723242,0.0481005451721582,0.09741695450648652,0.07808445489256632,0.17005526453552886
1119,0.05626670170721415,0.04946854646710703,0.21616447329359853,0.03900888673912071,0.07880570887903054,0.09299471244995673,0.07363375135723242,0.0481005451721582,0.09741695450648652,0.07808445489256632,0.17005526453552886
1120,0.05626670170721415,0.04946854646710703,0.21616447329359853,0.03900888673912071,0.07880570887903054,0.09299471244995673,0.07363375135723242,0.0481005451721582,0.09741695450648652,0.07808445489256632,0.17005526453552886
1121,0.05626670170721415,0.04946854646710703,0.21616447329359853,0.03900888673912071,0.07880570887903054,0.09299471244995673,0.07363375135723242,0.0481005451721582,0.09741695450648652,0.07808445489256632,0.17005526453552886
1122,0.05626670170721415,0.04946854646710703,0.21616447329359853,0.03900888673912071,0.07880570887903054,0.09299471244995673,0.07363375135723242,0.0481005451721582,0.09741695450648652,0.07808445489256632,0.17005526453552886
1123,0.05626670170721415,0.04946854646710703,0.21616447329359853,0.03900888673912071,0.07880570887903054,0.09299471244995673,0.07363375135723242,0.0481005451721582,0.09741695450648652,0.07808445489256632,0.17005526453552886
1124,0.05626670170721415,0.04946854646710703,0.21616447329359853,0.03900888673912071,0.07880570887903054,0.09299471244995673,0.07363375135723242,0.0481005451721582,0.09741695450648652,0.07808445489256632,0.17005526453552886
1125,0.05626670170721415,0.04946854646710703,0.21616447329359853,0.03900888673912071,0.07880570887903054,0.09299471244995673,0.07363375135723242,0.0481005451721582,0.09741695450648652,0.07808445489256632,0.17005526453552886
1126,0.018193254226640206,0.015863848258948002,0.09646245131883631,-0.2042438214360461,0.08997213221943265,-0.09575617856395387,0.10482872913451778,0.019417831128294167,0.06226719692116546,0.018701942519488222,0.8742926142726772
1127,0.018193254226640206,0.015863848258948002,0.09646245131883631,-0.2042438214360461,0.08997213221943265,-0.09575617856395387,0.10482872913451778,0.019417831128294167,0.06226719692116546,0.018701942519488222,0.8742926142726772
1128,0.018193254226640206,0.015863848258948002,0.09646245131883631,-0.2042438214360461,0.08997213221943265,-0.09575617856395387,0.10482872913451778,0.019417831128294167,0.06226719692116546,0.018701942519488222,0.8742926142726772
1129,0.018193254226640206,0.015863848258948002,0.09646245131883631,-0.2042438214360461,0.08997213221943265,-0.09575617856395387,0.10482872913451778,0.019417831128294167,0.06226719692116546,0.018701942519488222,0.8742926142726772
1130,0.018193254226640206,0.015863848258948002,0.09646245131883631,-0.2042438214360461,0.08997213221943265,-0.09575617856395387,0.10482872913451778,0.019417831128294167,0.06226719692116546,0.018701942519488222,0.8742926142726772
1131,0.018193254226640206,0.015863848258948002,0.09646245131883631,-0.2042438214360461,0.08997213221943265,-0.09575617856395387,0.10482872913451778,0.019417831128294167,0.06226719692116546,0.018701942519488222,0.8742926142726772
1132,0.018193254226640206,0.015863848258948002,0.09646245131883631,-0.2042438214360461,0.08997213221943265,-0.09575617856395387,0.10482872913451778,0.019417831128294167,0.06226719692116546,0.018701942519488222,0.8742926142726772
1133,0.018193254226640206,0.015863848258948002,0.09646245131883631,-0.2042438214360461,0.08997213221943265,-0.09575617856395387,0.10482872913451778,0.019417831128294167,0.06226719692116546,0.018701942519488222,0.8742926142726772
1134,0.018193254226640206,0.015863848258948002,0.09646245131883631,-0.2042438214360461,0.08997213221943265,-0.09575617856395387,0.10482872913451778,0.019417831128294167,0.06226719692116546,0.018701942519488222,0.8742926142726772
1135,0.018193254226640206,0.015863848258948002,0.09646245131883631,-0.2042438214360461,0.08997213221943265,-0.09575617856395387,0.10482872913451778,0.019417831128294167,0.06226719692116546,0.018701942519488222,0.8742926142726772
1136,0.018193254226640206,0.015863848258948002,0.09646245131883631,-0.2042438214360461,0.08997213221943265,-0.09575617856395387,0.10482872913451778,0.019417831128294167,0.06226719692116546,0.018701942519488222,0.8742926142726772
1137,0.018193254226640206,0.015863848258948002,0.09646245131883631,-0.2042438214360461,0.08997213221943265,-0.09575617856395387,0.10482872913451778,0.019417831128294167,0.06226719692116546,0.018701942519488222,0.8742926142726772
1138,0.018193254226640206,0.015863848258948002,0.09646245131883631,-0.2042438214360461,0.08997213221943265,-0.09575617856395387,0.10482872913451778,0.019417831128294167,0.06226719692116546,0.018701942519488222,0.8742926142726772
1139,0.018193254226640206,0.015863848258948002,0.09646245131883631,-0.2042438214360461,0.08997213221943265,-0.09575617856395387,0.10482872913451778,0.019417831128294167,0.06226719692116546,0.018701942519488222,0.8742926142726772
1140,0.018193254226640206,0.015863848258948002,0.09646245131883631,-0.2042438214360461,0.08997213221943265,-0.09575617856395387,0.10482872913451778,0.019417831128294167,0.06226719692116546,0.018701942519488222,0.8742926142726772
1141,0.018193254226640206,0.015863848258948002,0.09646245131883631,-0.2042438214360461,0.08997213221943265,-0.09575617856395387,0.10482872913451778,0.019417831128294167,0.06226719692116546,0.018701942519488222,0.8742926142726772
1142,0.018193254226640206,0.015863848258948002,0.09646245131883631,-0.2042438214360461,0.08997213221943265,-0.09575617856395387,0.10482872913451778,0.019417831128294167,0.06226719692116546,0.018701942519488222,0.8742926142726772
1143,0.018193254226640206,0.015863848258948002,0.09646245131883631,-0.2042438214360461,0.08997213221943265,-0.09575617856395387,0.10482872913451778,0.019417831128294167,0.06226719692116546,0.018701942519488222,0.8742926142726772
1144,0.018193254226640206,0.015863848258948002,0.09646245131883631,-0.2042438214360461,0.08997213221943265,-0.09575617856395387,0.10482872913451778,0.019417831128294167,0.06226719692116546,0.018701942519488222,0.8742926142726772
1145,0.018193254226640206,0.015863848258948002,0.09646245131883631,-0.2042438214360461,0.08997213221943265,-0.09575617856395387,0.10482872913451778,0.019417831128294167,0.06226719692116546,0.018701942519488222,0.8742926142726772
1146,0.018193254226640206,0.015863848258948002,0.09646245131883631,-0.2042438214360461,0.08997213221943265,-0.09575617856395387,0.10482872913451778,0.019417831128294167,0.06226719692116546,0.018701942519488222,0.8742926142726772
1147,0.018193254226640206,0.015863848258948002,0.09646245131883631,-0.2042438214360461,0.08997213221943265,-0.09575617856395387,0.10482872913451778,0.019417831128294167,0.06226719692116546,0.018701942519488222,0.8742926142726772
1148,0.018193254226640206,0.015863848258948002,0.09646245131883631,-0.2042438214360461,0.08997213221943265,-0.09575617856395387,0.10482872913451778,0.019417831128294167,0.06226719692116546,0.018701942519488222,0.8742926142726772
1149,0.018193254226640206,0.015863848258948002,0.09646245131883631,-0.2042438214360461,0.08997213221943265,-0.09575617856395387,0.10482872913451778,0.019417831128294167,0.06226719692116546,0.018701942519488222,0.8742926142726772
1150,0.018193254226640206,0.015863848258948002,0.09646245131883631,-0.2042438214360461,0.08997213221943265,-0.09575617856395387,0.10482872913451778,0.019417831128294167,0.06226719692116546,0.018701942519488222,0.8742926142726772
1151,0.018193254226640206,0.015863848258948002,0.09646245131883631,-0.2042438214360461,0.08997213221943265,-0.09575617856395387,0.10482872913451778,0.019417831128294167,0.06226719692116546,0.018701942519488222,0.8742926142726772
1152,0.018193254226640206,0.015863848258948002,0.09646245131883631,-0.2042438214360461,0.08997213221943265,-0.09575617856395387,0.10482872913451778,0.019417831128294167,0.06226719692116546,0.018701942519488222,0.8742926142726772
1153,0.018193254226640206,0.015863848258948002,0.09646245131883631,-0.2042438214360461,0.08997213221943265,-0.09575617856395387,0.10482872913451778,0.019417831128294167,0.06226719692116546,0.018701942519488222,0.8742926142726772
1154,0.018193254226640206,0.015863848258948002,0.09646245131883631,-0.2042438214360461,0.08997213221943265,-0.09575617856395387,0.10482872913451778,0.019417831128294167,0.06226719692116546,0.018701942519488222,0.8742926142726772
1155,0.08746579610107397,0.058358317099130384,0.20348937499811914,0.062051959333247204,0.09651844851240117,0.15036078387649104,0.076112147965613,0.08052002310642813,0.08296009843162588,0.23655806299442209,-0.13439501241855184
1156,0.08746579610107397,0.058358317099130384,0.20348937499811914,0.062051959333247204,0.09651844851240117,0.15036078387649104,0.076112147965613,0.08052002310642813,0.08296009843162588,0.23655806299442209,-0.13439501241855184
1157,0.08746579610107397,0.058358317099130384,0.20348937499811914,0.062051959333247204,0.09651844851240117,0.15036078387649104,0.076112147965613,0.08052002310642813,0.08296009843162588,0.23655806299442209,-0.13439501241855184
1158,0.08746579610107397,0.058358317099130384,0.20348937499811914,0.062051959333247204,0.09651844851240117,0.15036078387649104,0.076112147965613,0.08052002310642813,0.08296009843162588,0.23655806299442209,-0.13439501241855184
1159,0.08746579610107397,0.058358317099130384,0.20348937499811914,0.062051959333247204,0.09651844851240117,0.15036078387649104,0.076112147965613,0.08052002310642813,0.08296009843162588,0.23655806299442209,-0.13439501241855184
1160,0.08746579610107397,0.058358317099130384,0.20348937499811914,0.062051959333247204,0.09651844851240117,0.15036078387649104,0.076112147965613,0.08052002310642813,0.08296009843162588,0.23655806299442209,-0.13439501241855184
1161,0.08746579610107397,0.058358317099130384,0.20348937499811914,0.062051959333247204,0.09651844851240117,0.15036078387649104,0.076112147965613,0.08052002310642813,0.08296009843162588,0.23655806299442209,-0.13439501241855184
1162,0.08746579610107397,0.058358317099130384,0.20348937499811914,0.062051959333247204,0.09651844851240117,0.15036078387649104,0.076112147965613,0.08052002310642813,0.08296009843162588,0.23655806299442209,-0.13439501241855184
1163,0.08746579610107397,0.058358317099130384,0.20348937499811914,0.062051959333247204,0.09651844851240117,0.15036078387649104,0.076112147965613,0.08052002310642813,0.08296009843162588,0.23655806299442209,-0.13439501241855184
1164,0.08746579610107397,0.058358317099130384,0.20348937499811914,0.062051959333247204,0.09651844851240117,0.15036078387649104,0.076112147965613,0.08052002310642813,0.08296009843162588,0.23655806299442209,-0.13439501241855184
1165,0.08746579610107397,0.058358317099130384,0.20348937499811914,0.062051959333247204,0.09651844851240117,0.15036078387649104,0.076112147965613,0.08052002310642813,0.08296009843162588,0.23655806299442209,-0.13439501241855184
1166,0.08746579610107397,0.058358317099130384,0.20348937499811914,0.062051959333247204,0.09651844851240117,0.15036078387649104,0.076112147965613,0.08052002310642813,0.08296009843162588,0.23655806299442209,-0.13439501241855184
1167,0.08746579610107397,0.058358317099130384,0.20348937499811914,0.062051959333247204,0.09651844851240117,0.15036078387649104,0.076112147965613,0.08052002310642813,0.08296009843162588,0.23655806299442209,-0.13439501241855184
1168,0.08746579610107397,0.058358317099130384,0.20348937499811914,0.062051959333247204,0.09651844851240117,0.15036078387649104,0.076112147965613,0.08052002310642813,0.08296009843162588,0.23655806299442209,-0.13439501241855184
1169,0.08746579610107397,0.058358317099130384,0.20348937499811914,0.062051959333247204,0.09651844851240117,0.15036078387649104,0.076112147965613,0.08052002310642813,0.08296009843162588,0.23655806299442209,-0.13439501241855184
1170,0.08746579610107397,0.058358317099130384,0.20348937499811914,0.062051959333247204,0.09651844851240117,0.15036078387649104,0.076112147965613,0.08052002310642813,0.08296009843162588,0.23655806299442209,-0.13439501241855184
1171,0.08746579610107397,0.058358317099130384,0.20348937499811914,0.062051959333247204,0.09651844851240117,0.15036078387649104,0.076112147965613,0.08052002310642813,0.08296009843162588,0.23655806299442209,-0.13439501241855184
1172,0.08746579610107397,0.058358317099130384,0.20348937499811914,0.062051959333247204,0.09651844851240117,0.15036078387649104,0.076112147965613,0.08052002310642813,0.08296009843162588,0.23655806299442209,-0.13439501241855184
1173,0.08746579610107397,0.058358317099130384,0.20348937499811914,0.062051959333247204,0.09651844851240117,0.15036078387649104,0.076112147965613,0.08052002310642813,0.08296009843162588,0.23655806299442209,-0.13439501241855184
1174,0.08746579610107397,0.058358317099130384,0.20348937499811914,0.062051959333247204,0.09651844851240117,0.15036078387649104,0.076112147965613,0.08052002310642813,0.08296009843162588,0.23655806299442209,-0.13439501241855184
1175,0.08746579610107397,0.058358317099130384,0.20348937499811914,0.062051959333247204,0.09651844851240117,0.15036078387649104,0.076112147965613,0.08052002310642813,0.08296009843162588,0.23655806299442209,-0.13439501241855184
1176,0.08746579610107397,0.058358317099130384,0.20348937499811914,0.062051959333247204,0.09651844851240117,0.15036078387649104,0.076112147965613,0.08052002310642813,0.08296009843162588,0.23655806299442209,-0.13439501241855184
1177,0.08746579610107397,0.058358317099130384,0.20348937499811914,0.062051959333247204,0.09651844851240117,0.15036078387649104,0.076112147965613,0.08052002310642813,0.08296009843162588,0.23655806299442209,-0.13439501241855184
1178,0.08746579610107397,0.058358317099130384,0.20348937499811914,0.062051959333247204,0.09651844851240117,0.15036078387649104,0.076112147965613,0.08052002310642813,0.08296009843162588,0.23655806299442209,-0.13439501241855184
1179,0.08746579610107397,0.058358317099130384,0.20348937499811914,0.062051959333247204,0.09651844851240117,0.15036078387649104,0.076112147965613,0.08052002310642813,0.08296009843162588,0.23655806299442209,-0.13439501241855184
1180,0.08746579610107397,0.058358317099130384,0.20348937499811914,0.062051959333247204,0.09651844851240117,0.15036078387649104,0.076112147965613,0.08052002310642813,0.08296009843162588,0.23655806299442209,-0.13439501241855184
1181,0.08746579610107397,0.058358317099130384,0.20348937499811914,0.062051959333247204,0.09651844851240117,0.15036078387649104,0.076112147965613,0.08052002310642813,0.08296009843162588,0.23655806299442209,-0.13439501241855184
1182,0.08746579610107397,0.058358317099130384,0.20348937499811914,0.062051959333247204,0.09651844851240117,0.15036078387649104,0.076112147965613,0.08052002310642813,0.08296009843162588,0.23655806299442209,-0.13439501241855184
1183,0.08746579610107397,0.058358317099130384,0.20348937499811914,0.062051959333247204,0.09651844851240117,0.15036078387649104,0.076112147965613,0.08052002310642813,0.08296009843162588,0.23655806299442209,-0.13439501241855184
1184,0.08746579610107397,0.058358317099130384,0.20348937499811914,0.062051959333247204,0.09651844851240117,0.15036078387649104,0.076112147965613,0.08052002310642813,0.08296009843162588,0.23655806299442209,-0.13439501241855184
1185,0.08746579610107397,0.058358317099130384,0.20348937499811914,0.062051959333247204,0.09651844851240117,0.15036078387649104,0.076112147965613,0.08052002310642813,0.08296009843162588,0.23655806299442209,-0.13439501241855184
1186,-0.3,0.18146528764465708,0.24482044807065617,0.17938996430294876,0.05856333830508332,0.11204475516513554,0.05438588964776337,0.12899414538861975,0.0440536968488804,0.22267434372275446,0.07360813090350113
1187,-0.3,0.18146528764465708,0.24482044807065617,0.17938996430294876,0.05856333830508332,0.11204475516513554,0.05438588964776337,0.12899414538861975,0.0440536968488804,0.22267434372275446,0.07360813090350113
1188,-0.3,0.18146528764465708,0.24482044807065617,0.17938996430294876,0.05856333830508332,0.11204475516513554,0.05438588964776337,0.12899414538861975,0.0440536968488804,0.22267434372275446,0.07360813090350113
1189,-0.3,0.18146528764465708,0.24482044807065617,0.17938996430294876,0.05856333830508332,0.11204475516513554,0.05438588964776337,0.12899414538861975,0.0440536968488804,0.22267434372275446,0.07360813090350113
1190,-0.3,0.18146528764465708,0.24482044807065617,0.17938996430294876,0.05856333830508332,0.11204475516513554,0.05438588964776337,0.12899414538861975,0.0440536968488804,0.22267434372275446,0.07360813090350113
1191,-0.3,0.18146528764465708,0.24482044807065617,0.17938996430294876,0.05856333830508332,0.11204475516513554,0.05438588964776337,0.12899414538861975,0.0440536968488804,0.22267434372275446,0.07360813090350113
1192,-0.3,0.18146528764465708,0.24482044807065617,0.17938996430294876,0.05856333830508332,0.11204475516513554,0.05438588964776337,0.12899414538861975,0.0440536968488804,0.22267434372275446,0.07360813090350113
1193,-0.3,0.18146528764465708,0.24482044807065617,0.17938996430294876,0.05856333830508332,0.11204475516513554,0.05438588964776337,0.12899414538861975,0.0440536968488804,0.22267434372275446,0.07360813090350113
1194,-0.3,0.18146528764465708,0.24482044807065617,0.17938996430294876,0.05856333830508332,0.11204475516513554,0.05438588964776337,0.12899414538861975,0.0440536968488804,0.22267434372275446,0.07360813090350113
1195,-0.3,0.18146528764465708,0.24482044807065617,0.17938996430294876,0.05856333830508332,0.11204475516513554,0.05438588964776337,0.12899414538861975,0.0440536968488804,0.22267434372275446,0.07360813090350113
1196,-0.3,0.18146528764465708,0.24482044807065617,0.17938996430294876,0.05856333830508332,0.11204475516513554,0.05438588964776337,0.12899414538861975,0.0440536968488804,0.22267434372275446,0.07360813090350113
1197,-0.3,0.18146528764465708,0.24482044807065617,0.17938996430294876,0.05856333830508332,0.11204475516513554,0.05438588964776337,0.12899414538861975,0.0440536968488804,0.22267434372275446,0.07360813090350113
1198,-0.3,0.18146528764465708,0.24482044807065617,0.17938996430294876,0.05856333830508332,0.11204475516513554,0.05438588964776337,0.12899414538861975,0.0440536968488804,0.22267434372275446,0.07360813090350113
1199,-0.3,0.18146528764465708,0.24482044807065617,0.17938996430294876,0.05856333830508332,0.11204475516513554,0.05438588964776337,0.12899414538861975,0.0440536968488804,0.22267434372275446,0.07360813090350113
1200,-0.3,0.18146528764465708,0.24482044807065617,0.17938996430294876,0.05856333830508332,0.11204475516513554,0.05438588964776337,0.12899414538861975,0.0440536968488804,0.22267434372275446,0.07360813090350113
1201,-0.3,0.18146528764465708,0.24482044807065617,0.17938996430294876,0.05856333830508332,0.11204475516513554,0.05438588964776337,0.12899414538861975,0.0440536968488804,0.22267434372275446,0.07360813090350113
1202,-0.3,0.18146528764465708,0.24482044807065617,0.17938996430294876,0.05856333830508332,0.11204475516513554,0.05438588964776337,0.12899414538861975,0.0440536968488804,0.22267434372275446,0.07360813090350113
1203,-0.3,0.18146528764465708,0.24482044807065617,0.17938996430294876,0.05856333830508332,0.11204475516513554,0.05438588964776337,0.12899414538861975,0.0440536968488804,0.22267434372275446,0.07360813090350113
1204,-0.3,0.18146528764465708,0.24482044807065617,0.17938996430294876,0.05856333830508332,0.11204475516513554,0.05438588964776337,0.12899414538861975,0.0440536968488804,0.22267434372275446,0.07360813090350113
1205,-0.3,0.18146528764465708,0.24482044807065617,0.17938996430294876,0.05856333830508332,0.11204475516513554,0.05438588964776337,0.12899414538861975,0.0440536968488804,0.22267434372275446,0.07360813090350113
1206,-0.3,0.18146528764465708,0.24482044807065617,0.17938996430294876,0.05856333830508332,0.11204475516513554,0.05438588964776337,0.12899414538861975,0.0440536968488804,0.22267434372275446,0.07360813090350113
1207,-0.3,0.18146528764465708,0.24482044807065617,0.17938996430294876,0.05856333830508332,0.11204475516513554,0.05438588964776337,0.12899414538861975,0.0440536968488804,0.22267434372275446,0.07360813090350113
1208,-0.3,0.18146528764465708,0.24482044807065617,0.17938996430294876,0.05856333830508332,0.11204475516513554,0.05438588964776337,0.12899414538861975,0.0440536968488804,0.22267434372275446,0.07360813090350113
1209,-0.3,0.18146528764465708,0.24482044807065617,0.17938996430294876,0.05856333830508332,0.11204475516513554,0.05438588964776337,0.12899414538861975,0.0440536968488804,0.22267434372275446,0.07360813090350113
1210,-0.3,0.18146528764465708,0.24482044807065617,0.17938996430294876,0.05856333830508332,0.11204475516513554,0.05438588964776337,0.12899414538861975,0.0440536968488804,0.22267434372275446,0.07360813090350113
1211,-0.3,0.18146528764465708,0.24482044807065617,0.17938996430294876,0.05856333830508332,0.11204475516513554,0.05438588964776337,0.12899414538861975,0.0440536968488804,0.22267434372275446,0.07360813090350113
1212,-0.3,0.18146528764465708,0.24482044807065617,0.17938996430294876,0.05856333830508332,0.11204475516513554,0.05438588964776337,0.12899414538861975,0.0440536968488804,0.22267434372275446,0.07360813090350113
1213,-0.3,0.18146528764465708,0.24482044807065617,0.17938996430294876,0.05856333830508332,0.11204475516513554,0.05438588964776337,0.12899414538861975,0.0440536968488804,0.22267434372275446,0.07360813090350113
1214,-0.3,0.18146528764465708,0.24482044807065617,0.17938996430294876,0.05856333830508332,0.11204475516513554,0.05438588964776337,0.12899414538861975,0.0440536968488804,0.22267434372275446,0.07360813090350113
1215,-0.3,0.18146528764465708,0.24482044807065617,0.17938996430294876,0.05856333830508332,0.11204475516513554,0.05438588964776337,0.12899414538861975,0.0440536968488804,0.22267434372275446,0.07360813090350113
1216,-0.014104536195841101,-0.012647174327760566,-0.025972352106819953,-0.008909960286632204,0.37415958370374225,-0.015082071499337827,-0.0324188837391714,-0.007477881923834747,-0.0137835148390277,-0.013959816686288214,0.7701966079009716
1217,-0.014104536195841101,-0.012647174327760566,-0.025972352106819953,-0.008909960286632204,0.37415958370374225,-0.015082071499337827,-0.0324188837391714,-0.007477881923834747,-0.0137835148390277,-0.013959816686288214,0.7701966079009716
1218,-0.014104536195841101,-0.012647174327760566,-0.025972352106819953,-0.008909960286632204,0.37415958370374225,-0.015082071499337827,-0.0324188837391714,-0.007477881923834747,-0.0137835148390277,-0.013959816686288214,0.7701966079009716
1219,-0.014104536195841101,-0.012647174327760566,-0.025972352106819953,-0.008909960286632204,0.37415958370374225,-0.015082071499337827,-0.0324188837391714,-0.007477881923834747,-0.0137835148390277,-0.013959816686288214,0.7701966079009716
1220,-0.014104536195841101,-0.012647174327760566,-0.025972352106819953,-0.008909960286632204,0.37415958370374225,-0.015082071499337827,-0.0324188837391714,-0.007477881923834747,-0.0137835148390277,-0.013959816686288214,0.7701966079009716
1221,-0.014104536195841101,-0.012647174327760566,-0.025972352106819953,-0.008909960286632204,0.37415958370374225,-0.015082071499337827,-0.0324188837391714,-0.007477881923834747,-0.0137835148390277,-0.013959816686288214,0.7701966079009716
1222,-0.014104536195841101,-0.012647174327760566,-0.025972352106819953,-0.008909960286632204,0.37415958370374225,-0.015082071499337827,-0.0324188837391714,-0.007477881923834747,-0.0137835148390277,-0.013959816686288214,0.7701966079009716
1223,-0.014104536195841101,-0.012647174327760566,-0.025972352106819953,-0.008909960286632204,0.37415958370374225,-0.015082071499337827,-0.0324188837391714,-0.007477881923834747,-0.0137835148390277,-0.013959816686288214,0.7701966079009716
1224,-0.014104536195841101,-0.012647174327760566,-0.025972352106819953,-0.008909960286632204,0.37415958370374225,-0.015082071499337827,-0.0324188837391714,-0.007477881923834747,-0.0137835148390277,-0.013959816686288214,0.7701966079009716
1225,-0.014104536195841101,-0.012647174327760566,-0.025972352106819953,-0.008909960286632204,0.37415958370374225,-0.015082071499337827,-0.0324188837391714,-0.007477881923834747,-0.0137835148390277,-0.013959816686288214,0.7701966079009716
1226,-0.014104536195841101,-0.012647174327760566,-0.025972352106819953,-0.008909960286632204,0.37415958370374225,-0.015082071499337827,-0.0324188837391714,-0.007477881923834747,-0.0137835148390277,-0.013959816686288214,0.7701966079009716
1227,-0.014104536195841101,-0.012647174327760566,-0.025972352106819953,-0.008909960286632204,0.37415958370374225,-0.015082071499337827,-0.0324188837391714,-0.007477881923834747,-0.0137835148390277,-0.013959816686288214,0.7701966079009716
1228,-0.014104536195841101,-0.012647174327760566,-0.025972352106819953,-0.008909960286632204,0.37415958370374225,-0.015082071499337827,-0.0324188837391714,-0.007477881923834747,-0.0137835148390277,-0.013959816686288214,0.7701966079009716
1229,-0.014104536195841101,-0.012647174327760566,-0.025972352106819953,-0.008909960286632204,0.37415958370374225,-0.015082071499337827,-0.0324188837391714,-0.007477881923834747,-0.0137835148390277,-0.013959816686288214,0.7701966079009716
1230,-0.014104536195841101,-0.012647174327760566,-0.025972352106819953,-0.008909960286632204,0.37415958370374225,-0.015082071499337827,-0.0324188837391714,-0.007477881923834747,-0.0137835148390277,-0.013959816686288214,0.7701966079009716
1231,-0.014104536195841101,-0.012647174327760566,-0.025972352106819953,-0.008909960286632204,0.37415958370374225,-0.015082071499337827,-0.0324188837391714,-0.007477881923834747,-0.0137835148390277,-0.013959816686288214,0.7701966079009716
1232,-0.014104536195841101,-0.012647174327760566,-0.025972352106819953,-0.008909960286632204,0.37415958370374225,-0.015082071499337827,-0.0324188837391714,-0.007477881923834747,-0.0137835148390277,-0.013959816686288214,0.7701966079009716
1233,-0.014104536195841101,-0.012647174327760566,-0.025972352106819953,-0.008909960286632204,0.37415958370374225,-0.015082071499337827,-0.0324188837391714,-0.007477881923834747,-0.0137835148390277,-0.013959816686288214,0.7701966079009716
1234,-0.014104536195841101,-0.012647174327760566,-0.025972352106819953,-0.008909960286632204,0.37415958370374225,-0.015082071499337827,-0.0324188837391714,-0.007477881923834747,-0.0137835148390277,-0.013959816686288214,0.7701966079009716
1235,-0.014104536195841101,-0.012647174327760566,-0.025972352106819953,-0.008909960286632204,0.37415958370374225,-0.015082071499337827,-0.0324188837391714,-0.007477881923834747,-0.0137835148390277,-0.013959816686288214,0.7701966079009716
1236,-0.014104536195841101,-0.012647174327760566,-0.025972352106819953,-0.008909960286632204,0.37415958370374225,-0.015082071499337827,-0.0324188837391714,-0.007477881923834747,-0.0137835148390277,-0.013959816686288214,0.7701966079009716
1237,-0.014104536195841101,-0.012647174327760566,-0.025972352106819953,-0.008909960286632204,0.37415958370374225,-0.015082071499337827,-0.0324188837391714,-0.007477881923834747,-0.0137835148390277,-0.013959816686288214,0.7701966079009716
1238,-0.014104536195841101,-0.012647174327760566,-0.025972352106819953,-0.008909960286632204,0.37415958370374225,-0.015082071499337827,-0.0324188837391714,-0.007477881923834747,-0.0137835148390277,-0.013959816686288214,0.7701966079009716
1239,-0.014104536195841101,-0.012647174327760566,-0.025972352106819953,-0.008909960286632204,0.37415958370374225,-0.015082071499337827,-0.0324188837391714,-0.007477881923834747,-0.0137835148390277,-0.013959816686288214,0.7701966079009716
1240,-0.014104536195841101,-0.012647174327760566,-0.025972352106819953,-0.008909960286632204,0.37415958370374225,-0.015082071499337827,-0.0324188837391714,-0.007477881923834747,-0.0137835148390277,-0.013959816686288214,0.7701966079009716
1241,-0.014104536195841101,-0.012647174327760566,-0.025972352106819953,-0.008909960286632204,0.37415958370374225,-0.015082071499337827,-0.0324188837391714,-0.007477881923834747,-0.0137835148390277,-0.013959816686288214,0.7701966079009716
1242,-0.014104536195841101,-0.012647174327760566,-0.025972352106819953,-0.008909960286632204,0.37415958370374225,-0.015082071499337827,-0.0324188837391714,-0.007477881923834747,-0.0137835148390277,-0.013959816686288214,0.7701966079009716
1243,-0.014104536195841101,-0.012647174327760566,-0.025972352106819953,-0.008909960286632204,0.37415958370374225,-0.015082071499337827,-0.0324188837391714,-0.007477881923834747,-0.0137835148390277,-0.013959816686288214,0.7701966079009716
1244,-0.014104536195841101,-0.012647174327760566,-0.025972352106819953,-0.008909960286632204,0.37415958370374225,-0.015082071499337827,-0.0324188837391714,-0.007477881923834747,-0.0137835148390277,-0.013959816686288214,0.7701966079009716
1245,-0.014104536195841101,-0.012647174327760566,-0.025972352106819953,-0.008909960286632204,0.37415958370374225,-0.015082071499337827,-0.0324188837391714,-0.007477881923834747,-0.0137835148390277,-0.013959816686288214,0.7701966079009716
1246,-0.014104536195841101,-0.012647174327760566,-0.025972352106819953,-0.008909960286632204,0.37415958370374225,-0.015082071499337827,-0.0324188837391714,-0.007477881923834747,-0.0137835148390277,-0.013959816686288214,0.7701966079009716
1247,0.007817512439709602,-0.11361381859921861,0.4039752753759817,0.004396163081056444,0.0090862896503046,-0.048810376548236584,0.027602787987696335,0.7313507482020556,0.010352957087032964,-0.016613593128854954,-0.015543945547527013
1248,0.007817512439709602,-0.11361381859921861,0.4039752753759817,0.004396163081056444,0.0090862896503046,-0.048810376548236584,0.027602787987696335,0.7313507482020556,0.010352957087032964,-0.016613593128854954,-0.015543945547527013
1249,0.007817512439709602,-0.11361381859921861,0.4039752753759817,0.004396163081056444,0.0090862896503046,-0.048810376548236584,0.027602787987696335,0.7313507482020556,0.010352957087032964,-0.016613593128854954,-0.015543945547527013
1250,0.007817512439709602,-0.11361381859921861,0.4039752753759817,0.004396163081056444,0.0090862896503046,-0.048810376548236584,0.027602787987696335,0.7313507482020556,0.010352957087032964,-0.016613593128854954,-0.015543945547527013
1251,0.007817512439709602,-0.11361381859921861,0.4039752753759817,0.004396163081056444,0.0090862896503046,-0.048810376548236584,0.027602787987696335,0.7313507482020556,0.010352957087032964,-0.016613593128854954,-0.015543945547527013
1252,0.007817512439709602,-0.11361381859921861,0.4039752753759817,0.004396163081056444,0.0090862896503046,-0.048810376548236584,0.027602787987696335,0.7313507482020556,0.010352957087032964,-0.016613593128854954,-0.015543945547527013
1253,0.007817512439709602,-0.11361381859921861,0.4039752753759817,0.004396163081056444,0.0090862896503046,-0.048810376548236584,0.027602787987696335,0.7313507482020556,0.010352957087032964,-0.016613593128854954,-0.015543945547527013
1254,0.007817512439709602,-0.11361381859921861,0.4039752753759817,0.004396163081056444,0.0090862896503046,-0.048810376548236584,0.027602787987696335,0.7313507482020556,0.010352957087032964,-0.016613593128854954,-0.015543945547527013
1255,0.007817512439709602,-0.11361381859921861,0.4039752753759817,0.004396163081056444,0.0090862896503046,-0.048810376548236584,0.027602787987696335,0.7313507482020556,0.010352957087032964,-0.016613593128854954,-0.015543945547527013
1256,0.007817512439709602,-0.11361381859921861,0.4039752753759817,0.004396163081056444,0.0090862896503046,-0.048810376548236584,0.027602787987696335,0.7313507482020556,0.010352957087032964,-0.016613593128854954,-0.015543945547527013
1257,0.007817512439709602,-0.11361381859921861,0.4039752753759817,0.004396163081056444,0.0090862896503046,-0.048810376548236584,0.027602787987696335,0.7313507482020556,0.010352957087032964,-0.016613593128854954,-0.015543945547527013
1258,0.007817512439709602,-0.11361381859921861,0.4039752753759817,0.004396163081056444,0.0090862896503046,-0.048810376548236584,0.027602787987696335,0.7313507482020556,0.010352957087032964,-0.016613593128854954,-0.015543945547527013
1259,0.007817512439709602,-0.11361381859921861,0.4039752753759817,0.004396163081056444,0.0090862896503046,-0.048810376548236584,0.027602787987696335,0.7313507482020556,0.010352957087032964,-0.016613593128854954,-0.015543945547527013
1260,0.007817512439709602,-0.11361381859921861,0.4039752753759817,0.004396163081056444,0.0090862896503046,-0.048810376548236584,0.027602787987696335,0.7313507482020556,0.010352957087032964,-0.016613593128854954,-0.015543945547527013
1261,0.007817512439709602,-0.11361381859921861,0.4039752753759817,0.004396163081056444,0.0090862896503046,-0.048810376548236584,0.027602787987696335,0.7313507482020556,0.010352957087032964,-0.016613593128854954,-0.015543945547527013
1262,0.007817512439709602,-0.11361381859921861,0.4039752753759817,0.004396163081056444,0.0090862896503046,-0.048810376548236584,0.027602787987696335,0.7313507482020556,0.010352957087032964,-0.016613593128854954,-0.015543945547527013
1263,0.007817512439709602,-0.11361381859921861,0.4039752753759817,0.004396163081056444,0.0090862896503046,-0.048810376548236584,0.027602787987696335,0.7313507482020556,0.010352957087032964,-0.016613593128854954,-0.015543945547527013
1264,0.007817512439709602,-0.11361381859921861,0.4039752753759817,0.004396163081056444,0.0090862896503046,-0.048810376548236584,0.027602787987696335,0.7313507482020556,0.010352957087032964,-0.016613593128854954,-0.015543945547527013
1265,0.007817512439709602,-0.11361381859921861,0.4039752753759817,0.004396163081056444,0.0090862896503046,-0.048810376548236584,0.027602787987696335,0.7313507482020556,0.010352957087032964,-0.016613593128854954,-0.015543945547527013
1266,0.007817512439709602,-0.11361381859921861,0.4039752753759817,0.004396163081056444,0.0090862896503046,-0.048810376548236584,0.027602787987696335,0.7313507482020556,0.010352957087032964,-0.016613593128854954,-0.015543945547527013
1267,0.007817512439709602,-0.11361381859921861,0.4039752753759817,0.004396163081056444,0.0090862896503046,-0.048810376548236584,0.027602787987696335,0.7313507482020556,0.010352957087032964,-0.016613593128854954,-0.015543945547527013
1268,0.007817512439709602,-0.11361381859921861,0.4039752753759817,0.004396163081056444,0.0090862896503046,-0.048810376548236584,0.027602787987696335,0.7313507482020556,0.010352957087032964,-0.016613593128854954,-0.015543945547527013
1269,0.007817512439709602,-0.11361381859921861,0.4039752753759817,0.004396163081056444,0.0090862896503046,-0.048810376548236584,0.027602787987696335,0.7313507482020556,0.010352957087032964,-0.016613593128854954,-0.015543945547527013
1270,0.007817512439709602,-0.11361381859921861,0.4039752753759817,0.004396163081056444,0.0090862896503046,-0.048810376548236584,0.027602787987696335,0.7313507482020556,0.010352957087032964,-0.016613593128854954,-0.015543945547527013
1271,0.007817512439709602,-0.11361381859921861,0.4039752753759817,0.004396163081056444,0.0090862896503046,-0.048810376548236584,0.027602787987696335,0.7313507482020556,0.010352957087032964,-0.016613593128854954,-0.015543945547527013
1272,0.007817512439709602,-0.11361381859921861,0.4039752753759817,0.004396163081056444,0.0090862896503046,-0.048810376548236584,0.027602787987696335,0.7313507482020556,0.010352957087032964,-0.016613593128854954,-0.015543945547527013
1273,0.007817512439709602,-0.11361381859921861,0.4039752753759817,0.004396163081056444,0.0090862896503046,-0.048810376548236584,0.027602787987696335,0.7313507482020556,0.010352957087032964,-0.016613593128854954,-0.015543945547527013
1274,0.007817512439709602,-0.11361381859921861,0.4039752753759817,0.004396163081056444,0.0090862896503046,-0.048810376548236584,0.027602787987696335,0.7313507482020556,0.010352957087032964,-0.016613593128854954,-0.015543945547527013
1275,0.007817512439709602,-0.11361381859921861,0.4039752753759817,0.004396163081056444,0.0090862896503046,-0.048810376548236584,0.027602787987696335,0.7313507482020556,0.010352957087032964,-0.016613593128854954,-0.015543945547527013
1276,0.007817512439709602,-0.11361381859921861,0.4039752753759817,0.004396163081056444,0.0090862896503046,-0.048810376548236584,0.027602787987696335,0.7313507482020556,0.010352957087032964,-0.016613593128854954,-0.015543945547527013
1277,-0.30000000000000004,1.071026600013307e-08,0.13642818016886984,0.1387966302613449,0.1349025722313558,0.1889862788771553,0.1754394947247183,0.14546501835841044,0.19044250736520044,0.11679556659903084,0.07274374070364814
1278,-0.30000000000000004,1.071026600013307e-08,0.13642818016886984,0.1387966302613449,0.1349025722313558,0.1889862788771553,0.1754394947247183,0.14546501835841044,0.19044250736520044,0.11679556659903084,0.07274374070364814
1279,-0.30000000000000004,1.071026600013307e-08,0.13642818016886984,0.1387966302613449,0.1349025722313558,0.1889862788771553,0.1754394947247183,0.14546501835841044,0.19044250736520044,0.11679556659903084,0.07274374070364814
1280,-0.30000000000000004,1.071026600013307e-08,0.13642818016886984,0.1387966302613449,0.1349025722313558,0.1889862788771553,0.1754394947247183,0.14546501835841044,0.19044250736520044,0.11679556659903084,0.07274374070364814
1281,-0.30000000000000004,1.071026600013307e-08,0.13642818016886984,0.1387966302613449,0.1349025722313558,0.1889862788771553,0.1754394947247183,0.14546501835841044,0.19044250736520044,0.11679556659903084,0.07274374070364814
1282,-0.30000000000000004,1.071026600013307e-08,0.13642818016886984,0.1387966302613449,0.1349025722313558,0.1889862788771553,0.1754394947247183,0.14546501835841044,0.19044250736520044,0.11679556659903084,0.07274374070364814
1283,-0.30000000000000004,1.071026600013307e-08,0.13642818016886984,0.1387966302613449,0.1349025722313558,0.1889862788771553,0.1754394947247183,0.14546501835841044,0.19044250736520044,0.11679556659903084,0.07274374070364814
1284,-0.30000000000000004,1.071026600013307e-08,0.13642818016886984,0.1387966302613449,0.1349025722313558,0.1889862788771553,0.1754394947247183,0.14546501835841044,0.19044250736520044,0.11679556659903084,0.07274374070364814
1285,-0.30000000000000004,1.071026600013307e-08,0.13642818016886984,0.1387966302613449,0.1349025722313558,0.1889862788771553,0.1754394947247183,0.14546501835841044,0.19044250736520044,0.11679556659903084,0.07274374070364814
1286,-0.30000000000000004,1.071026600013307e-08,0.13642818016886984,0.1387966302613449,0.1349025722313558,0.1889862788771553,0.1754394947247183,0.14546501835841044,0.19044250736520044,0.11679556659903084,0.07274374070364814
1287,-0.30000000000000004,1.071026600013307e-08,0.13642818016886984,0.1387966302613449,0.1349025722313558,0.1889862788771553,0.1754394947247183,0.14546501835841044,0.19044250736520044,0.11679556659903084,0.07274374070364814
1288,-0.30000000000000004,1.071026600013307e-08,0.13642818016886984,0.1387966302613449,0.1349025722313558,0.1889862788771553,0.1754394947247183,0.14546501835841044,0.19044250736520044,0.11679556659903084,0.07274374070364814
1289,-0.30000000000000004,1.071026600013307e-08,0.13642818016886984,0.1387966302613449,0.1349025722313558,0.1889862788771553,0.1754394947247183,0.14546501835841044,0.19044250736520044,0.11679556659903084,0.07274374070364814
1290,-0.30000000000000004,1.071026600013307e-08,0.13642818016886984,0.1387966302613449,0.1349025722313558,0.1889862788771553,0.1754394947247183,0.14546501835841044,0.19044250736520044,0.11679556659903084,0.07274374070364814
1291,-0.30000000000000004,1.071026600013307e-08,0.13642818016886984,0.1387966302613449,0.1349025722313558,0.1889862788771553,0.1754394947247183,0.14546501835841044,0.19044250736520044,0.11679556659903084,0.07274374070364814
1292,-0.30000000000000004,1.071026600013307e-08,0.13642818016886984,0.1387966302613449,0.1349025722313558,0.1889862788771553,0.1754394947247183,0.14546501835841044,0.19044250736520044,0.11679556659903084,0.07274374070364814
1293,-0.30000000000000004,1.071026600013307e-08,0.13642818016886984,0.1387966302613449,0.1349025722313558,0.1889862788771553,0.1754394947247183,0.14546501835841044,0.19044250736520044,0.11679556659903084,0.07274374070364814
1294,-0.30000000000000004,1.071026600013307e-08,0.13642818016886984,0.1387966302613449,0.1349025722313558,0.1889862788771553,0.1754394947247183,0.14546501835841044,0.19044250736520044,0.11679556659903084,0.07274374070364814
1295,-0.30000000000000004,1.071026600013307e-08,0.13642818016886984,0.1387966302613449,0.1349025722313558,0.1889862788771553,0.1754394947247183,0.14546501835841044,0.19044250736520044,0.11679556659903084,0.07274374070364814
1296,-0.30000000000000004,1.071026600013307e-08,0.13642818016886984,0.1387966302613449,0.1349025722313558,0.1889862788771553,0.1754394947247183,0.14546501835841044,0.19044250736520044,0.11679556659903084,0.07274374070364814
1297,-0.30000000000000004,1.071026600013307e-08,0.13642818016886984,0.1387966302613449,0.1349025722313558,0.1889862788771553,0.1754394947247183,0.14546501835841044,0.19044250736520044,0.11679556659903084,0.07274374070364814
1298,-0.30000000000000004,1.071026600013307e-08,0.13642818016886984,0.1387966302613449,0.1349025722313558,0.1889862788771553,0.1754394947247183,0.14546501835841044,0.19044250736520044,0.11679556659903084,0.07274374070364814
1299,-0.30000000000000004,1.071026600013307e-08,0.13642818016886984,0.1387966302613449,0.1349025722313558,0.1889862788771553,0.1754394947247183,0.14546501835841044,0.19044250736520044,0.11679556659903084,0.07274374070364814
1300,-0.30000000000000004,1.071026600013307e-08,0.13642818016886984,0.1387966302613449,0.1349025722313558,0.1889862788771553,0.1754394947247183,0.14546501835841044,0.19044250736520044,0.11679556659903084,0.07274374070364814
1301,-0.30000000000000004,1.071026600013307e-08,0.13642818016886984,0.1387966302613449,0.1349025722313558,0.1889862788771553,0.1754394947247183,0.14546501835841044,0.19044250736520044,0.11679556659903084,0.07274374070364814
1302,-0.30000000000000004,1.071026600013307e-08,0.13642818016886984,0.1387966302613449,0.1349025722313558,0.1889862788771553,0.1754394947247183,0.14546501835841044,0.19044250736520044,0.11679556659903084,0.07274374070364814
1303,-0.30000000000000004,1.071026600013307e-08,0.13642818016886984,0.1387966302613449,0.1349025722313558,0.1889862788771553,0.1754394947247183,0.14546501835841044,0.19044250736520044,0.11679556659903084,0.07274374070364814
1304,-0.30000000000000004,1.071026600013307e-08,0.13642818016886984,0.1387966302613449,0.1349025722313558,0.1889862788771553,0.1754394947247183,0.14546501835841044,0.19044250736520044,0.11679556659903084,0.07274374070364814
1305,-0.30000000000000004,1.071026600013307e-08,0.13642818016886984,0.1387966302613449,0.1349025722313558,0.1889862788771553,0.1754394947247183,0.14546501835841044,0.19044250736520044,0.11679556659903084,0.07274374070364814
1306,-0.30000000000000004,1.071026600013307e-08,0.13642818016886984,0.1387966302613449,0.1349025722313558,0.1889862788771553,0.1754394947247183,0.14546501835841044,0.19044250736520044,0.11679556659903084,0.07274374070364814
1307,-0.30000000000000004,1.071026600013307e-08,0.13642818016886984,0.1387966302613449,0.1349025722313558,0.1889862788771553,0.1754394947247183,0.14546501835841044,0.19044250736520044,0.11679556659903084,0.07274374070364814
1308,0.12505444277447267,0.5030019623070926,-0.03702547647484552,-0.10118214971895034,-5.797623229642456e-09,0.2950946627218949,-7.963891038598702e-09,0.11148673637957796,-0.1013530212212341,-0.06043933851339937,0.26536219550690554
1309,0.12505444277447267,0.5030019623070926,-0.03702547647484552,-0.10118214971895034,-5.797623229642456e-09,0.2950946627218949,-7.963891038598702e-09,0.11148673637957796,-0.1013530212212341,-0.06043933851339937,0.26536219550690554
1310,0.12505444277447267,0.5030019623070926,-0.03702547647484552,-0.10118214971895034,-5.797623229642456e-09,0.2950946627218949,-7.963891038598702e-09,0.11148673637957796,-0.1013530212212341,-0.06043933851339937,0.26536219550690554
1311,0.12505444277447267,0.5030019623070926,-0.03702547647484552,-0.10118214971895034,-5.797623229642456e-09,0.2950946627218949,-7.963891038598702e-09,0.11148673637957796,-0.1013530212212341,-0.06043933851339937,0.26536219550690554
1312,0.12505444277447267,0.5030019623070926,-0.03702547647484552,-0.10118214971895034,-5.797623229642456e-09,0.2950946627218949,-7.963891038598702e-09,0.11148673637957796,-0.1013530212212341,-0.06043933851339937,0.26536219550690554
1313,0.12505444277447267,0.5030019623070926,-0.03702547647484552,-0.10118214971895034,-5.797623229642456e-09,0.2950946627218949,-7.963891038598702e-09,0.11148673637957796,-0.1013530212212341,-0.06043933851339937,0.26536219550690554
1314,0.12505444277447267,0.5030019623070926,-0.03702547647484552,-0.10118214971895034,-5.797623229642456e-09,0.2950946627218949,-7.963891038598702e-09,0.11148673637957796,-0.1013530212212341,-0.06043933851339937,0.26536219550690554
1315,0.12505444277447267,0.5030019623070926,-0.03702547647484552,-0.10118214971895034,-5.797623229642456e-09,0.2950946627218949,-7.963891038598702e-09,0.11148673637957796,-0.1013530212212341,-0.06043933851339937,0.26536219550690554
1316,0.12505444277447267,0.5030019623070926,-0.03702547647484552,-0.10118214971895034,-5.797623229642456e-09,0.2950946627218949,-7.963891038598702e-09,0.11148673637957796,-0.1013530212212341,-0.06043933851339937,0.26536219550690554
1317,0.12505444277447267,0.5030019623070926,-0.03702547647484552,-0.10118214971895034,-5.797623229642456e-09,0.2950946627218949,-7.963891038598702e-09,0.11148673637957796,-0.1013530212212341,-0.06043933851339937,0.26536219550690554
1318,0.12505444277447267,0.5030019623070926,-0.03702547647484552,-0.10118214971895034,-5.797623229642456e-09,0.2950946627218949,-7.963891038598702e-09,0.11148673637957796,-0.1013530212212341,-0.06043933851339937,0.26536219550690554
1319,0.12505444277447267,0.5030019623070926,-0.03702547647484552,-0.10118214971895034,-5.797623229642456e-09,0.2950946627218949,-7.963891038598702e-09,0.11148673637957796,-0.1013530212212341,-0.06043933851339937,0.26536219550690554
1320,0.12505444277447267,0.5030019623070926,-0.03702547647484552,-0.10118214971895034,-5.797623229642456e-09,0.2950946627218949,-7.963891038598702e-09,0.11148673637957796,-0.1013530212212341,-0.06043933851339937,0.26536219550690554
1321,0.12505444277447267,0.5030019623070926,-0.03702547647484552,-0.10118214971895034,-5.797623229642456e-09,0.2950946627218949,-7.963891038598702e-09,0.11148673637957796,-0.1013530212212341,-0.06043933851339937,0.26536219550690554
1322,0.12505444277447267,0.5030019623070926,-0.03702547647484552,-0.10118214971895034,-5.797623229642456e-09,0.2950946627218949,-7.963891038598702e-09,0.11148673637957796,-0.1013530212212341,-0.06043933851339937,0.26536219550690554
1323,0.12505444277447267,0.5030019623070926,-0.03702547647484552,-0.10118214971895034,-5.797623229642456e-09,0.2950946627218949,-7.963891038598702e-09,0.11148673637957796,-0.1013530212212341,-0.06043933851339937,0.26536219550690554
1324,0.12505444277447267,0.5030019623070926,-0.03702547647484552,-0.10118214971895034,-5.797623229642456e-09,0.2950946627218949,-7.963891038598702e-09,0.11148673637957796,-0.1013530212212341,-0.06043933851339937,0.26536219550690554
1325,0.12505444277447267,0.5030019623070926,-0.03702547647484552,-0.10118214971895034,-5.797623229642456e-09,0.2950946627218949,-7.963891038598702e-09,0.11148673637957796,-0.1013530212212341,-0.06043933851339937,0.26536219550690554
1326,0.12505444277447267,0.5030019623070926,-0.03702547647484552,-0.10118214971895034,-5.797623229642456e-09,0.2950946627218949,-7.963891038598702e-09,0.11148673637957796,-0.1013530212212341,-0.06043933851339937,0.26536219550690554
1327,0.12505444277447267,0.5030019623070926,-0.03702547647484552,-0.10118214971895034,-5.797623229642456e-09,0.2950946627218949,-7.963891038598702e-09,0.11148673637957796,-0.1013530212212341,-0.06043933851339937,0.26536219550690554
1328,0.12505444277447267,0.5030019623070926,-0.03702547647484552,-0.10118214971895034,-5.797623229642456e-09,0.2950946627218949,-7.963891038598702e-09,0.11148673637957796,-0.1013530212212341,-0.06043933851339937,0.26536219550690554
1329,0.12505444277447267,0.5030019623070926,-0.03702547647484552,-0.10118214971895034,-5.797623229642456e-09,0.2950946627218949,-7.963891038598702e-09,0.11148673637957796,-0.1013530212212341,-0.06043933851339937,0.26536219550690554
1330,0.12505444277447267,0.5030019623070926,-0.03702547647484552,-0.10118214971895034,-5.797623229642456e-09,0.2950946627218949,-7.963891038598702e-09,0.11148673637957796,-0.1013530212212341,-0.06043933851339937,0.26536219550690554
1331,0.12505444277447267,0.5030019623070926,-0.03702547647484552,-0.10118214971895034,-5.797623229642456e-09,0.2950946627218949,-7.963891038598702e-09,0.11148673637957796,-0.1013530212212341,-0.06043933851339937,0.26536219550690554
1332,0.12505444277447267,0.5030019623070926,-0.03702547647484552,-0.10118214971895034,-5.797623229642456e-09,0.2950946627218949,-7.963891038598702e-09,0.11148673637957796,-0.1013530212212341,-0.06043933851339937,0.26536219550690554
1333,0.12505444277447267,0.5030019623070926,-0.03702547647484552,-0.10118214971895034,-5.797623229642456e-09,0.2950946627218949,-7.963891038598702e-09,0.11148673637957796,-0.1013530212212341,-0.06043933851339937,0.26536219550690554
1334,0.12505444277447267,0.5030019623070926,-0.03702547647484552,-0.10118214971895034,-5.797623229642456e-09,0.2950946627218949,-7.963891038598702e-09,0.11148673637957796,-0.1013530212212341,-0.06043933851339937,0.26536219550690554
1335,0.12505444277447267,0.5030019623070926,-0.03702547647484552,-0.10118214971895034,-5.797623229642456e-09,0.2950946627218949,-7.963891038598702e-09,0.11148673637957796,-0.1013530212212341,-0.06043933851339937,0.26536219550690554
1336,0.12505444277447267,0.5030019623070926,-0.03702547647484552,-0.10118214971895034,-5.797623229642456e-09,0.2950946627218949,-7.963891038598702e-09,0.11148673637957796,-0.1013530212212341,-0.06043933851339937,0.26536219550690554
1337,0.12505444277447267,0.5030019623070926,-0.03702547647484552,-0.10118214971895034,-5.797623229642456e-09,0.2950946627218949,-7.963891038598702e-09,0.11148673637957796,-0.1013530212212341,-0.06043933851339937,0.26536219550690554
1338,0.12505444277447267,0.5030019623070926,-0.03702547647484552,-0.10118214971895034,-5.797623229642456e-09,0.2950946627218949,-7.963891038598702e-09,0.11148673637957796,-0.1013530212212341,-0.06043933851339937,0.26536219550690554
1339,0.12236316438096015,0.06629853984955628,-0.06914619754719822,0.7976706838725417,-1.3429754833226366e-08,0.04507250560985755,-0.029426813562024624,-0.03484825053718009,-0.10581196405679008,-0.060766760867052134,0.2685951062870844
1340,0.12236316438096015,0.06629853984955628,-0.06914619754719822,0.7976706838725417,-1.3429754833226366e-08,0.04507250560985755,-0.029426813562024624,-0.03484825053718009,-0.10581196405679008,-0.060766760867052134,0.2685951062870844
1341,0.12236316438096015,0.06629853984955628,-0.06914619754719822,0.7976706838725417,-1.3429754833226366e-08,0.04507250560985755,-0.029426813562024624,-0.03484825053718009,-0.10581196405679008,-0.060766760867052134,0.2685951062870844
1342,0.12236316438096015,0.06629853984955628,-0.06914619754719822,0.7976706838725417,-1.3429754833226366e-08,0.04507250560985755,-0.029426813562024624,-0.03484825053718009,-0.10581196405679008,-0.060766760867052134,0.2685951062870844
1343,0.12236316438096015,0.06629853984955628,-0.06914619754719822,0.7976706838725417,-1.3429754833226366e-08,0.04507250560985755,-0.029426813562024624,-0.03484825053718009,-0.10581196405679008,-0.060766760867052134,0.2685951062870844
1344,0.12236316438096015,0.06629853984955628,-0.06914619754719822,0.7976706838725417,-1.3429754833226366e-08,0.04507250560985755,-0.029426813562024624,-0.03484825053718009,-0.10581196405679008,-0.060766760867052134,0.2685951062870844
1345,0.12236316438096015,0.06629853984955628,-0.06914619754719822,0.7976706838725417,-1.3429754833226366e-08,0.04507250560985755,-0.029426813562024624,-0.03484825053718009,-0.10581196405679008,-0.060766760867052134,0.2685951062870844
1346,0.12236316438096015,0.06629853984955628,-0.06914619754719822,0.7976706838725417,-1.3429754833226366e-08,0.04507250560985755,-0.029426813562024624,-0.03484825053718009,-0.10581196405679008,-0.060766760867052134,0.2685951062870844
1347,0.12236316438096015,0.06629853984955628,-0.06914619754719822,0.7976706838725417,-1.3429754833226366e-08,0.04507250560985755,-0.029426813562024624,-0.03484825053718009,-0.10581196405679008,-0.060766760867052134,0.2685951062870844
1348,0.12236316438096015,0.06629853984955628,-0.06914619754719822,0.7976706838725417,-1.3429754833226366e-08,0.04507250560985755,-0.029426813562024624,-0.03484825053718009,-0.10581196405679008,-0.060766760867052134,0.2685951062870844
1349,0.12236316438096015,0.06629853984955628,-0.06914619754719822,0.7976706838725417,-1.3429754833226366e-08,0.04507250560985755,-0.029426813562024624,-0.03484825053718009,-0.10581196405679008,-0.060766760867052134,0.2685951062870844
1350,0.12236316438096015,0.06629853984955628,-0.06914619754719822,0.7976706838725417,-1.3429754833226366e-08,0.04507250560985755,-0.029426813562024624,-0.03484825053718009,-0.10581196405679008,-0.060766760867052134,0.2685951062870844
1351,0.12236316438096015,0.06629853984955628,-0.06914619754719822,0.7976706838725417,-1.3429754833226366e-08,0.04507250560985755,-0.029426813562024624,-0.03484825053718009,-0.10581196405679008,-0.060766760867052134,0.2685951062870844
1352,0.12236316438096015,0.06629853984955628,-0.06914619754719822,0.7976706838725417,-1.3429754833226366e-08,0.04507250560985755,-0.029426813562024624,-0.03484825053718009,-0.10581196405679008,-0.060766760867052134,0.2685951062870844
1353,0.12236316438096015,0.06629853984955628,-0.06914619754719822,0.7976706838725417,-1.3429754833226366e-08,0.04507250560985755,-0.029426813562024624,-0.03484825053718009,-0.10581196405679008,-0.060766760867052134,0.2685951062870844
1354,0.12236316438096015,0.06629853984955628,-0.06914619754719822,0.7976706838725417,-1.3429754833226366e-08,0.04507250560985755,-0.029426813562024624,-0.03484825053718009,-0.10581196405679008,-0.060766760867052134,0.2685951062870844
1355,0.12236316438096015,0.06629853984955628,-0.06914619754719822,0.7976706838725417,-1.3429754833226366e-08,0.04507250560985755,-0.029426813562024624,-0.03484825053718009,-0.10581196405679008,-0.060766760867052134,0.2685951062870844
1356,0.12236316438096015,0.06629853984955628,-0.06914619754719822,0.7976706838725417,-1.3429754833226366e-08,0.04507250560985755,-0.029426813562024624,-0.03484825053718009,-0.10581196405679008,-0.060766760867052134,0.2685951062870844
1357,0.12236316438096015,0.06629853984955628,-0.06914619754719822,0.7976706838725417,-1.3429754833226366e-08,0.04507250560985755,-0.029426813562024624,-0.03484825053718009,-0.10581196405679008,-0.060766760867052134,0.2685951062870844
1358,0.12236316438096015,0.06629853984955628,-0.06914619754719822,0.7976706838725417,-1.3429754833226366e-08,0.04507250560985755,-0.029426813562024624,-0.03484825053718009,-0.10581196405679008,-0.060766760867052134,0.2685951062870844
1359,0.12236316438096015,0.06629853984955628,-0.06914619754719822,0.7976706838725417,-1.3429754833226366e-08,0.04507250560985755,-0.029426813562024624,-0.03484825053718009,-0.10581196405679008,-0.060766760867052134,0.2685951062870844
1360,0.12236316438096015,0.06629853984955628,-0.06914619754719822,0.7976706838725417,-1.3429754833226366e-08,0.04507250560985755,-0.029426813562024624,-0.03484825053718009,-0.10581196405679008,-0.060766760867052134,0.2685951062870844
1361,0.12236316438096015,0.06629853984955628,-0.06914619754719822,0.7976706838725417,-1.3429754833226366e-08,0.04507250560985755,-0.029426813562024624,-0.03484825053718009,-0.10581196405679008,-0.060766760867052134,0.2685951062870844
1362,0.12236316438096015,0.06629853984955628,-0.06914619754719822,0.7976706838725417,-1.3429754833226366e-08,0.04507250560985755,-0.029426813562024624,-0.03484825053718009,-0.10581196405679008,-0.060766760867052134,0.2685951062870844
1363,0.12236316438096015,0.06629853984955628,-0.06914619754719822,0.7976706838725417,-1.3429754833226366e-08,0.04507250560985755,-0.029426813562024624,-0.03484825053718009,-0.10581196405679008,-0.060766760867052134,0.2685951062870844
1364,0.12236316438096015,0.06629853984955628,-0.06914619754719822,0.7976706838725417,-1.3429754833226366e-08,0.04507250560985755,-0.029426813562024624,-0.03484825053718009,-0.10581196405679008,-0.060766760867052134,0.2685951062870844
1365,0.12236316438096015,0.06629853984955628,-0.06914619754719822,0.7976706838725417,-1.3429754833226366e-08,0.04507250560985755,-0.029426813562024624,-0.03484825053718009,-0.10581196405679008,-0.060766760867052134,0.2685951062870844
1366,0.12236316438096015,0.06629853984955628,-0.06914619754719822,0.7976706838725417,-1.3429754833226366e-08,0.04507250560985755,-0.029426813562024624,-0.03484825053718009,-0.10581196405679008,-0.060766760867052134,0.2685951062870844
1367,0.12236316438096015,0.06629853984955628,-0.06914619754719822,0.7976706838725417,-1.3429754833226366e-08,0.04507250560985755,-0.029426813562024624,-0.03484825053718009,-0.10581196405679008,-0.060766760867052134,0.2685951062870844
1368,0.12236316438096015,0.06629853984955628,-0.06914619754719822,0.7976706838725417,-1.3429754833226366e-08,0.04507250560985755,-0.029426813562024624,-0.03484825053718009,-0.10581196405679008,-0.060766760867052134,0.2685951062870844
1369,0.022615688870666232,0.017200925834460725,6.578739991720941e-08,0.011502921613666402,0.05955748590113976,0.05786956843870961,0.25592711569995674,0.034994689081983596,0.7939730802171285,0.04635845855488915,-0.3000000000000006
1370,0.022615688870666232,0.017200925834460725,6.578739991720941e-08,0.011502921613666402,0.05955748590113976,0.05786956843870961,0.25592711569995674,0.034994689081983596,0.7939730802171285,0.04635845855488915,-0.3000000000000006
1371,0.022615688870666232,0.017200925834460725,6.578739991720941e-08,0.011502921613666402,0.05955748590113976,0.05786956843870961,0.25592711569995674,0.034994689081983596,0.7939730802171285,0.04635845855488915,-0.3000000000000006
1372,0.022615688870666232,0.017200925834460725,6.578739991720941e-08,0.011502921613666402,0.05955748590113976,0.05786956843870961,0.25592711569995674,0.034994689081983596,0.7939730802171285,0.04635845855488915,-0.3000000000000006
1373,0.022615688870666232,0.017200925834460725,6.578739991720941e-08,0.011502921613666402,0.05955748590113976,0.05786956843870961,0.25592711569995674,0.034994689081983596,0.7939730802171285,0.04635845855488915,-0.3000000000000006
1374,0.022615688870666232,0.017200925834460725,6.578739991720941e-08,0.011502921613666402,0.05955748590113976,0.05786956843870961,0.25592711569995674,0.034994689081983596,0.7939730802171285,0.04635845855488915,-0.3000000000000006
1375,0.022615688870666232,0.017200925834460725,6.578739991720941e-08,0.011502921613666402,0.05955748590113976,0.05786956843870961,0.25592711569995674,0.034994689081983596,0.7939730802171285,0.04635845855488915,-0.3000000000000006
1376,0.022615688870666232,0.017200925834460725,6.578739991720941e-08,0.011502921613666402,0.05955748590113976,0.05786956843870961,0.25592711569995674,0.034994689081983596,0.7939730802171285,0.04635845855488915,-0.3000000000000006
1377,0.022615688870666232,0.017200925834460725,6.578739991720941e-08,0.011502921613666402,0.05955748590113976,0.05786956843870961,0.25592711569995674,0.034994689081983596,0.7939730802171285,0.04635845855488915,-0.3000000000000006
1378,0.022615688870666232,0.017200925834460725,6.578739991720941e-08,0.011502921613666402,0.05955748590113976,0.05786956843870961,0.25592711569995674,0.034994689081983596,0.7939730802171285,0.04635845855488915,-0.3000000000000006
1379,0.022615688870666232,0.017200925834460725,6.578739991720941e-08,0.011502921613666402,0.05955748590113976,0.05786956843870961,0.25592711569995674,0.034994689081983596,0.7939730802171285,0.04635845855488915,-0.3000000000000006
1380,0.022615688870666232,0.017200925834460725,6.578739991720941e-08,0.011502921613666402,0.05955748590113976,0.05786956843870961,0.25592711569995674,0.034994689081983596,0.7939730802171285,0.04635845855488915,-0.3000000000000006
1381,0.022615688870666232,0.017200925834460725,6.578739991720941e-08,0.011502921613666402,0.05955748590113976,0.05786956843870961,0.25592711569995674,0.034994689081983596,0.7939730802171285,0.04635845855488915,-0.3000000000000006
1382,0.022615688870666232,0.017200925834460725,6.578739991720941e-08,0.011502921613666402,0.05955748590113976,0.05786956843870961,0.25592711569995674,0.034994689081983596,0.7939730802171285,0.04635845855488915,-0.3000000000000006
1383,0.022615688870666232,0.017200925834460725,6.578739991720941e-08,0.011502921613666402,0.05955748590113976,0.05786956843870961,0.25592711569995674,0.034994689081983596,0.7939730802171285,0.04635845855488915,-0.3000000000000006
1384,0.022615688870666232,0.017200925834460725,6.578739991720941e-08,0.011502921613666402,0.05955748590113976,0.05786956843870961,0.25592711569995674,0.034994689081983596,0.7939730802171285,0.04635845855488915,-0.3000000000000006
1385,0.022615688870666232,0.017200925834460725,6.578739991720941e-08,0.011502921613666402,0.05955748590113976,0.05786956843870961,0.25592711569995674,0.034994689081983596,0.7939730802171285,0.04635845855488915,-0.3000000000000006
1386,0.022615688870666232,0.017200925834460725,6.578739991720941e-08,0.011502921613666402,0.05955748590113976,0.05786956843870961,0.25592711569995674,0.034994689081983596,0.7939730802171285,0.04635845855488915,-0.3000000000000006
1387,0.022615688870666232,0.017200925834460725,6.578739991720941e-08,0.011502921613666402,0.05955748590113976,0.05786956843870961,0.25592711569995674,0.034994689081983596,0.7939730802171285,0.04635845855488915,-0.3000000000000006
1388,0.022615688870666232,0.017200925834460725,6.578739991720941e-08,0.011502921613666402,0.05955748590113976,0.05786956843870961,0.25592711569995674,0.034994689081983596,0.7939730802171285,0.04635845855488915,-0.3000000000000006
1389,0.022615688870666232,0.017200925834460725,6.578739991720941e-08,0.011502921613666402,0.05955748590113976,0.05786956843870961,0.25592711569995674,0.034994689081983596,0.7939730802171285,0.04635845855488915,-0.3000000000000006
1390,0.022615688870666232,0.017200925834460725,6.578739991720941e-08,0.011502921613666402,0.05955748590113976,0.05786956843870961,0.25592711569995674,0.034994689081983596,0.7939730802171285,0.04635845855488915,-0.3000000000000006
1391,0.022615688870666232,0.017200925834460725,6.578739991720941e-08,0.011502921613666402,0.05955748590113976,0.05786956843870961,0.25592711569995674,0.034994689081983596,0.7939730802171285,0.04635845855488915,-0.3000000000000006
1392,0.022615688870666232,0.017200925834460725,6.578739991720941e-08,0.011502921613666402,0.05955748590113976,0.05786956843870961,0.25592711569995674,0.034994689081983596,0.7939730802171285,0.04635845855488915,-0.3000000000000006
1393,0.022615688870666232,0.017200925834460725,6.578739991720941e-08,0.011502921613666402,0.05955748590113976,0.05786956843870961,0.25592711569995674,0.034994689081983596,0.7939730802171285,0.04635845855488915,-0.3000000000000006
1394,0.022615688870666232,0.017200925834460725,6.578739991720941e-08,0.011502921613666402,0.05955748590113976,0.05786956843870961,0.25592711569995674,0.034994689081983596,0.7939730802171285,0.04635845855488915,-0.3000000000000006
1395,0.022615688870666232,0.017200925834460725,6.578739991720941e-08,0.011502921613666402,0.05955748590113976,0.05786956843870961,0.25592711569995674,0.034994689081983596,0.7939730802171285,0.04635845855488915,-0.3000000000000006
1396,0.022615688870666232,0.017200925834460725,6.578739991720941e-08,0.011502921613666402,0.05955748590113976,0.05786956843870961,0.25592711569995674,0.034994689081983596,0.7939730802171285,0.04635845855488915,-0.3000000000000006
1397,0.022615688870666232,0.017200925834460725,6.578739991720941e-08,0.011502921613666402,0.05955748590113976,0.05786956843870961,0.25592711569995674,0.034994689081983596,0.7939730802171285,0.04635845855488915,-0.3000000000000006
1398,0.022615688870666232,0.017200925834460725,6.578739991720941e-08,0.011502921613666402,0.05955748590113976,0.05786956843870961,0.25592711569995674,0.034994689081983596,0.7939730802171285,0.04635845855488915,-0.3000000000000006
1399,0.022615688870666232,0.017200925834460725,6.578739991720941e-08,0.011502921613666402,0.05955748590113976,0.05786956843870961,0.25592711569995674,0.034994689081983596,0.7939730802171285,0.04635845855488915,-0.3000000000000006
1400,0.6692627160389633,0.01403102793600716,0.02373072649596035,0.05431057176050063,0.032545897163983505,0.018217280847683932,0.04160813858445876,0.01866371549594285,0.058213293829863774,0.05088224268206306,0.018534389164572552
1401,0.6692627160389633,0.01403102793600716,0.02373072649596035,0.05431057176050063,0.032545897163983505,0.018217280847683932,0.04160813858445876,0.01866371549594285,0.058213293829863774,0.05088224268206306,0.018534389164572552
1402,0.6692627160389633,0.01403102793600716,0.02373072649596035,0.05431057176050063,0.032545897163983505,0.018217280847683932,0.04160813858445876,0.01866371549594285,0.058213293829863774,0.05088224268206306,0.018534389164572552
1403,0.6692627160389633,0.01403102793600716,0.02373072649596035,0.05431057176050063,0.032545897163983505,0.018217280847683932,0.04160813858445876,0.01866371549594285,0.058213293829863774,0.05088224268206306,0.018534389164572552
1404,0.6692627160389633,0.01403102793600716,0.02373072649596035,0.05431057176050063,0.032545897163983505,0.018217280847683932,0.04160813858445876,0.01866371549594285,0.058213293829863774,0.05088224268206306,0.018534389164572552
1405,0.6692627160389633,0.01403102793600716,0.02373072649596035,0.05431057176050063,0.032545897163983505,0.018217280847683932,0.04160813858445876,0.01866371549594285,0.058213293829863774,0.05088224268206306,0.018534389164572552
1406,0.6692627160389633,0.01403102793600716,0.02373072649596035,0.05431057176050063,0.032545897163983505,0.018217280847683932,0.04160813858445876,0.01866371549594285,0.058213293829863774,0.05088224268206306,0.018534389164572552
1407,0.6692627160389633,0.01403102793600716,0.02373072649596035,0.05431057176050063,0.032545897163983505,0.018217280847683932,0.04160813858445876,0.01866371549594285,0.058213293829863774,0.05088224268206306,0.018534389164572552
1408,0.6692627160389633,0.01403102793600716,0.02373072649596035,0.05431057176050063,0.032545897163983505,0.018217280847683932,0.04160813858445876,0.01866371549594285,0.058213293829863774,0.05088224268206306,0.018534389164572552
1409,0.6692627160389633,0.01403102793600716,0.02373072649596035,0.05431057176050063,0.032545897163983505,0.018217280847683932,0.04160813858445876,0.01866371549594285,0.058213293829863774,0.05088224268206306,0.018534389164572552
1410,0.6692627160389633,0.01403102793600716,0.02373072649596035,0.05431057176050063,0.032545897163983505,0.018217280847683932,0.04160813858445876,0.01866371549594285,0.058213293829863774,0.05088224268206306,0.018534389164572552
1411,0.6692627160389633,0.01403102793600716,0.02373072649596035,0.05431057176050063,0.032545897163983505,0.018217280847683932,0.04160813858445876,0.01866371549594285,0.058213293829863774,0.05088224268206306,0.018534389164572552
1412,0.6692627160389633,0.01403102793600716,0.02373072649596035,0.05431057176050063,0.032545897163983505,0.018217280847683932,0.04160813858445876,0.01866371549594285,0.058213293829863774,0.05088224268206306,0.018534389164572552
1413,0.6692627160389633,0.01403102793600716,0.02373072649596035,0.05431057176050063,0.032545897163983505,0.018217280847683932,0.04160813858445876,0.01866371549594285,0.058213293829863774,0.05088224268206306,0.018534389164572552
1414,0.6692627160389633,0.01403102793600716,0.02373072649596035,0.05431057176050063,0.032545897163983505,0.018217280847683932,0.04160813858445876,0.01866371549594285,0.058213293829863774,0.05088224268206306,0.018534389164572552
1415,0.6692627160389633,0.01403102793600716,0.02373072649596035,0.05431057176050063,0.032545897163983505,0.018217280847683932,0.04160813858445876,0.01866371549594285,0.058213293829863774,0.05088224268206306,0.018534389164572552
1416,0.6692627160389633,0.01403102793600716,0.02373072649596035,0.05431057176050063,0.032545897163983505,0.018217280847683932,0.04160813858445876,0.01866371549594285,0.058213293829863774,0.05088224268206306,0.018534389164572552
1417,0.6692627160389633,0.01403102793600716,0.02373072649596035,0.05431057176050063,0.032545897163983505,0.018217280847683932,0.04160813858445876,0.01866371549594285,0.058213293829863774,0.05088224268206306,0.018534389164572552
1418,0.6692627160389633,0.01403102793600716,0.02373072649596035,0.05431057176050063,0.032545897163983505,0.018217280847683932,0.04160813858445876,0.01866371549594285,0.058213293829863774,0.05088224268206306,0.018534389164572552
1419,0.6692627160389633,0.01403102793600716,0.02373072649596035,0.05431057176050063,0.032545897163983505,0.018217280847683932,0.04160813858445876,0.01866371549594285,0.058213293829863774,0.05088224268206306,0.018534389164572552
1420,0.6692627160389633,0.01403102793600716,0.02373072649596035,0.05431057176050063,0.032545897163983505,0.018217280847683932,0.04160813858445876,0.01866371549594285,0.058213293829863774,0.05088224268206306,0.018534389164572552
1421,0.6692627160389633,0.01403102793600716,0.02373072649596035,0.05431057176050063,0.032545897163983505,0.018217280847683932,0.04160813858445876,0.01866371549594285,0.058213293829863774,0.05088224268206306,0.018534389164572552
1422,0.6692627160389633,0.01403102793600716,0.02373072649596035,0.05431057176050063,0.032545897163983505,0.018217280847683932,0.04160813858445876,0.01866371549594285,0.058213293829863774,0.05088224268206306,0.018534389164572552
1423,0.6692627160389633,0.01403102793600716,0.02373072649596035,0.05431057176050063,0.032545897163983505,0.018217280847683932,0.04160813858445876,0.01866371549594285,0.058213293829863774,0.05088224268206306,0.018534389164572552
1424,0.6692627160389633,0.01403102793600716,0.02373072649596035,0.05431057176050063,0.032545897163983505,0.018217280847683932,0.04160813858445876,0.01866371549594285,0.058213293829863774,0.05088224268206306,0.018534389164572552
1425,0.6692627160389633,0.01403102793600716,0.02373072649596035,0.05431057176050063,0.032545897163983505,0.018217280847683932,0.04160813858445876,0.01866371549594285,0.058213293829863774,0.05088224268206306,0.018534389164572552
1426,0.6692627160389633,0.01403102793600716,0.02373072649596035,0.05431057176050063,0.032545897163983505,0.018217280847683932,0.04160813858445876,0.01866371549594285,0.058213293829863774,0.05088224268206306,0.018534389164572552
1427,0.6692627160389633,0.01403102793600716,0.02373072649596035,0.05431057176050063,0.032545897163983505,0.018217280847683932,0.04160813858445876,0.01866371549594285,0.058213293829863774,0.05088224268206306,0.018534389164572552
1428,0.6692627160389633,0.01403102793600716,0.02373072649596035,0.05431057176050063,0.032545897163983505,0.018217280847683932,0.04160813858445876,0.01866371549594285,0.058213293829863774,0.05088224268206306,0.018534389164572552
1429,0.6692627160389633,0.01403102793600716,0.02373072649596035,0.05431057176050063,0.032545897163983505,0.018217280847683932,0.04160813858445876,0.01866371549594285,0.058213293829863774,0.05088224268206306,0.018534389164572552
1430,0.08933700997938925,-0.06792797000362862,-0.0840710700070205,-0.06417659723605235,-0.08382436275329848,0.08709506504417991,0.24995627921505723,0.7011389773205106,0.040082901869280776,0.0842928741662057,0.04809689240537633
1431,0.08933700997938925,-0.06792797000362862,-0.0840710700070205,-0.06417659723605235,-0.08382436275329848,0.08709506504417991,0.24995627921505723,0.7011389773205106,0.040082901869280776,0.0842928741662057,0.04809689240537633
1432,0.08933700997938925,-0.06792797000362862,-0.0840710700070205,-0.06417659723605235,-0.08382436275329848,0.08709506504417991,0.24995627921505723,0.7011389773205106,0.040082901869280776,0.0842928741662057,0.04809689240537633
1433,0.08933700997938925,-0.06792797000362862,-0.0840710700070205,-0.06417659723605235,-0.08382436275329848,0.08709506504417991,0.24995627921505723,0.7011389773205106,0.040082901869280776,0.0842928741662057,0.04809689240537633
1434,0.08933700997938925,-0.06792797000362862,-0.0840710700070205,-0.06417659723605235,-0.08382436275329848,0.08709506504417991,0.24995627921505723,0.7011389773205106,0.040082901869280776,0.0842928741662057,0.04809689240537633
1435,0.08933700997938925,-0.06792797000362862,-0.0840710700070205,-0.06417659723605235,-0.08382436275329848,0.08709506504417991,0.24995627921505723,0.7011389773205106,0.040082901869280776,0.0842928741662057,0.04809689240537633
1436,0.08933700997938925,-0.06792797000362862,-0.0840710700070205,-0.06417659723605235,-0.08382436275329848,0.08709506504417991,0.24995627921505723,0.7011389773205106,0.040082901869280776,0.0842928741662057,0.04809689240537633
1437,0.08933700997938925,-0.06792797000362862,-0.0840710700070205,-0.06417659723605235,-0.08382436275329848,0.08709506504417991,0.24995627921505723,0.7011389773205106,0.040082901869280776,0.0842928741662057,0.04809689240537633
1438,0.08933700997938925,-0.06792797000362862,-0.0840710700070205,-0.06417659723605235,-0.08382436275329848,0.08709506504417991,0.24995627921505723,0.7011389773205106,0.040082901869280776,0.0842928741662057,0.04809689240537633
1439,0.08933700997938925,-0.06792797000362862,-0.0840710700070205,-0.06417659723605235,-0.08382436275329848,0.08709506504417991,0.24995627921505723,0.7011389773205106,0.040082901869280776,0.0842928741662057,0.04809689240537633
1440,0.08933700997938925,-0.06792797000362862,-0.0840710700070205,-0.06417659723605235,-0.08382436275329848,0.08709506504417991,0.24995627921505723,0.7011389773205106,0.040082901869280776,0.0842928741662057,0.04809689240537633
1441,0.08933700997938925,-0.06792797000362862,-0.0840710700070205,-0.06417659723605235,-0.08382436275329848,0.08709506504417991,0.24995627921505723,0.7011389773205106,0.040082901869280776,0.0842928741662057,0.04809689240537633
1442,0.08933700997938925,-0.06792797000362862,-0.0840710700070205,-0.06417659723605235,-0.08382436275329848,0.08709506504417991,0.24995627921505723,0.7011389773205106,0.040082901869280776,0.0842928741662057,0.04809689240537633
1443,0.08933700997938925,-0.06792797000362862,-0.0840710700070205,-0.06417659723605235,-0.08382436275329848,0.08709506504417991,0.24995627921505723,0.7011389773205106,0.040082901869280776,0.0842928741662057,0.04809689240537633
1444,0.08933700997938925,-0.06792797000362862,-0.0840710700070205,-0.06417659723605235,-0.08382436275329848,0.08709506504417991,0.24995627921505723,0.7011389773205106,0.040082901869280776,0.0842928741662057,0.04809689240537633
1445,0.08933700997938925,-0.06792797000362862,-0.0840710700070205,-0.06417659723605235,-0.08382436275329848,0.08709506504417991,0.24995627921505723,0.7011389773205106,0.040082901869280776,0.0842928741662057,0.04809689240537633
1446,0.08933700997938925,-0.06792797000362862,-0.0840710700070205,-0.06417659723605235,-0.08382436275329848,0.08709506504417991,0.24995627921505723,0.7011389773205106,0.040082901869280776,0.0842928741662057,0.04809689240537633
1447,0.08933700997938925,-0.06792797000362862,-0.0840710700070205,-0.06417659723605235,-0.08382436275329848,0.08709506504417991,0.24995627921505723,0.7011389773205106,0.040082901869280776,0.0842928741662057,0.04809689240537633
1448,0.08933700997938925,-0.06792797000362862,-0.0840710700070205,-0.06417659723605235,-0.08382436275329848,0.08709506504417991,0.24995627921505723,0.7011389773205106,0.040082901869280776,0.0842928741662057,0.04809689240537633
1449,0.08933700997938925,-0.06792797000362862,-0.0840710700070205,-0.06417659723605235,-0.08382436275329848,0.08709506504417991,0.24995627921505723,0.7011389773205106,0.040082901869280776,0.0842928741662057,0.04809689240537633
1450,0.08933700997938925,-0.06792797000362862,-0.0840710700070205,-0.06417659723605235,-0.08382436275329848,0.08709506504417991,0.24995627921505723,0.7011389773205106,0.040082901869280776,0.0842928741662057,0.04809689240537633
1451,0.08933700997938925,-0.06792797000362862,-0.0840710700070205,-0.06417659723605235,-0.08382436275329848,0.08709506504417991,0.24995627921505723,0.7011389773205106,0.040082901869280776,0.0842928741662057,0.04809689240537633
1452,0.08933700997938925,-0.06792797000362862,-0.0840710700070205,-0.06417659723605235,-0.08382436275329848,0.08709506504417991,0.24995627921505723,0.7011389773205106,0.040082901869280776,0.0842928741662057,0.04809689240537633
1453,0.08933700997938925,-0.06792797000362862,-0.0840710700070205,-0.06417659723605235,-0.08382436275329848,0.08709506504417991,0.24995627921505723,0.7011389773205106,0.040082901869280776,0.0842928741662057,0.04809689240537633
1454,0.08933700997938925,-0.06792797000362862,-0.0840710700070205,-0.06417659723605235,-0.08382436275329848,0.08709506504417991,0.24995627921505723,0.7011389773205106,0.040082901869280776,0.0842928741662057,0.04809689240537633
1455,0.08933700997938925,-0.06792797000362862,-0.0840710700070205,-0.06417659723605235,-0.08382436275329848,0.08709506504417991,0.24995627921505723,0.7011389773205106,0.040082901869280776,0.0842928741662057,0.04809689240537633
1456,0.08933700997938925,-0.06792797000362862,-0.0840710700070205,-0.06417659723605235,-0.08382436275329848,0.08709506504417991,0.24995627921505723,0.7011389773205106,0.040082901869280776,0.0842928741662057,0.04809689240537633
1457,0.08933700997938925,-0.06792797000362862,-0.0840710700070205,-0.06417659723605235,-0.08382436275329848,0.08709506504417991,0.24995627921505723,0.7011389773205106,0.040082901869280776,0.0842928741662057,0.04809689240537633
1458,0.08933700997938925,-0.06792797000362862,-0.0840710700070205,-0.06417659723605235,-0.08382436275329848,0.08709506504417991,0.24995627921505723,0.7011389773205106,0.040082901869280776,0.0842928741662057,0.04809689240537633
1459,0.08933700997938925,-0.06792797000362862,-0.0840710700070205,-0.06417659723605235,-0.08382436275329848,0.08709506504417991,0.24995627921505723,0.7011389773205106,0.040082901869280776,0.0842928741662057,0.04809689240537633
1460,0.08933700997938925,-0.06792797000362862,-0.0840710700070205,-0.06417659723605235,-0.08382436275329848,0.08709506504417991,0.24995627921505723,0.7011389773205106,0.040082901869280776,0.0842928741662057,0.04809689240537633
1461,0.0,0.0,0.0,0.0,0.0,0.0,0.0,0.0,0.0,0.0,0.0
1462,0.0,0.0,0.0,0.0,0.0,0.0,0.0,0.0,0.0,0.0,0.0
1463,0.0,0.0,0.0,0.0,0.0,0.0,0.0,0.0,0.0,0.0,0.0
1464,0.0,0.0,0.0,0.0,0.0,0.0,0.0,0.0,0.0,0.0,0.0
1465,0.0,0.0,0.0,0.0,0.0,0.0,0.0,0.0,0.0,0.0,0.0
1466,0.0,0.0,0.0,0.0,0.0,0.0,0.0,0.0,0.0,0.0,0.0
1467,0.0,0.0,0.0,0.0,0.0,0.0,0.0,0.0,0.0,0.0,0.0
1468,0.0,0.0,0.0,0.0,0.0,0.0,0.0,0.0,0.0,0.0,0.0
1469,0.0,0.0,0.0,0.0,0.0,0.0,0.0,0.0,0.0,0.0,0.0
1470,0.0,0.0,0.0,0.0,0.0,0.0,0.0,0.0,0.0,0.0,0.0
1471,0.0,0.0,0.0,0.0,0.0,0.0,0.0,0.0,0.0,0.0,0.0
1472,0.0,0.0,0.0,0.0,0.0,0.0,0.0,0.0,0.0,0.0,0.0
1473,0.0,0.0,0.0,0.0,0.0,0.0,0.0,0.0,0.0,0.0,0.0
1474,0.0,0.0,0.0,0.0,0.0,0.0,0.0,0.0,0.0,0.0,0.0
1475,0.0,0.0,0.0,0.0,0.0,0.0,0.0,0.0,0.0,0.0,0.0
1476,0.0,0.0,0.0,0.0,0.0,0.0,0.0,0.0,0.0,0.0,0.0
1477,0.0,0.0,0.0,0.0,0.0,0.0,0.0,0.0,0.0,0.0,0.0
1478,0.0,0.0,0.0,0.0,0.0,0.0,0.0,0.0,0.0,0.0,0.0
1479,0.0,0.0,0.0,0.0,0.0,0.0,0.0,0.0,0.0,0.0,0.0
1480,0.0,0.0,0.0,0.0,0.0,0.0,0.0,0.0,0.0,0.0,0.0
1481,0.0,0.0,0.0,0.0,0.0,0.0,0.0,0.0,0.0,0.0,0.0
1482,0.0,0.0,0.0,0.0,0.0,0.0,0.0,0.0,0.0,0.0,0.0
1483,0.0,0.0,0.0,0.0,0.0,0.0,0.0,0.0,0.0,0.0,0.0
1484,0.0,0.0,0.0,0.0,0.0,0.0,0.0,0.0,0.0,0.0,0.0
1485,0.0,0.0,0.0,0.0,0.0,0.0,0.0,0.0,0.0,0.0,0.0
1486,0.0,0.0,0.0,0.0,0.0,0.0,0.0,0.0,0.0,0.0,0.0
1487,0.0,0.0,0.0,0.0,0.0,0.0,0.0,0.0,0.0,0.0,0.0
1488,0.0,0.0,0.0,0.0,0.0,0.0,0.0,0.0,0.0,0.0,0.0
1489,0.0,0.0,0.0,0.0,0.0,0.0,0.0,0.0,0.0,0.0,0.0
1490,0.0,0.0,0.0,0.0,0.0,0.0,0.0,0.0,0.0,0.0,0.0
1491,0.0,0.0,0.0,0.0,0.0,0.0,0.0,0.0,0.0,0.0,0.0
1492,0.0,0.0,0.0,0.0,0.0,0.0,0.0,0.0,0.0,0.0,0.0
1493,0.0,0.0,0.0,0.0,0.0,0.0,0.0,0.0,0.0,0.0,0.0
1494,0.0,0.0,0.0,0.0,0.0,0.0,0.0,0.0,0.0,0.0,0.0
1495,0.0,0.0,0.0,0.0,0.0,0.0,0.0,0.0,0.0,0.0,0.0
1496,0.0,0.0,0.0,0.0,0.0,0.0,0.0,0.0,0.0,0.0,0.0
1497,0.0,0.0,0.0,0.0,0.0,0.0,0.0,0.0,0.0,0.0,0.0
1498,0.0,0.0,0.0,0.0,0.0,0.0,0.0,0.0,0.0,0.0,0.0
1499,0.0,0.0,0.0,0.0,0.0,0.0,0.0,0.0,0.0,0.0,0.0
1500,0.0,0.0,0.0,0.0,0.0,0.0,0.0,0.0,0.0,0.0,0.0
1501,0.0,0.0,0.0,0.0,0.0,0.0,0.0,0.0,0.0,0.0,0.0
1502,0.0,0.0,0.0,0.0,0.0,0.0,0.0,0.0,0.0,0.0,0.0
1503,0.0,0.0,0.0,0.0,0.0,0.0,0.0,0.0,0.0,0.0,0.0
1504,0.0,0.0,0.0,0.0,0.0,0.0,0.0,0.0,0.0,0.0,0.0
1505,0.0,0.0,0.0,0.0,0.0,0.0,0.0,0.0,0.0,0.0,0.0
1506,0.0,0.0,0.0,0.0,0.0,0.0,0.0,0.0,0.0,0.0,0.0
1507,0.0,0.0,0.0,0.0,0.0,0.0,0.0,0.0,0.0,0.0,0.0
1508,0.0,0.0,0.0,0.0,0.0,0.0,0.0,0.0,0.0,0.0,0.0
1509,0.0,0.0,0.0,0.0,0.0,0.0,0.0,0.0,0.0,0.0,0.0
1510,0.0,0.0,0.0,0.0,0.0,0.0,0.0,0.0,0.0,0.0,0.0
1511,0.0,0.0,0.0,0.0,0.0,0.0,0.0,0.0,0.0,0.0,0.0
1512,0.0,0.0,0.0,0.0,0.0,0.0,0.0,0.0,0.0,0.0,0.0
1513,0.0,0.0,0.0,0.0,0.0,0.0,0.0,0.0,0.0,0.0,0.0
1514,0.0,0.0,0.0,0.0,0.0,0.0,0.0,0.0,0.0,0.0,0.0
1515,0.0,0.0,0.0,0.0,0.0,0.0,0.0,0.0,0.0,0.0,0.0
1516,0.0,0.0,0.0,0.0,0.0,0.0,0.0,0.0,0.0,0.0,0.0
1517,0.0,0.0,0.0,0.0,0.0,0.0,0.0,0.0,0.0,0.0,0.0
1518,0.0,0.0,0.0,0.0,0.0,0.0,0.0,0.0,0.0,0.0,0.0
1519,0.0,0.0,0.0,0.0,0.0,0.0,0.0,0.0,0.0,0.0,0.0
1520,0.0,0.0,0.0,0.0,0.0,0.0,0.0,0.0,0.0,0.0,0.0
1521,0.0,0.0,0.0,0.0,0.0,0.0,0.0,0.0,0.0,0.0,0.0
1522,0.0,0.0,0.0,0.0,0.0,0.0,0.0,0.0,0.0,0.0,0.0
1523,0.0,0.0,0.0,0.0,0.0,0.0,0.0,0.0,0.0,0.0,0.0
1524,0.0,0.0,0.0,0.0,0.0,0.0,0.0,0.0,0.0,0.0,0.0
1525,0.0,0.0,0.0,0.0,0.0,0.0,0.0,0.0,0.0,0.0,0.0
1526,0.0,0.0,0.0,0.0,0.0,0.0,0.0,0.0,0.0,0.0,0.0
1527,0.0,0.0,0.0,0.0,0.0,0.0,0.0,0.0,0.0,0.0,0.0
1528,0.0,0.0,0.0,0.0,0.0,0.0,0.0,0.0,0.0,0.0,0.0
1529,0.0,0.0,0.0,0.0,0.0,0.0,0.0,0.0,0.0,0.0,0.0
1530,0.0,0.0,0.0,0.0,0.0,0.0,0.0,0.0,0.0,0.0,0.0
1531,0.0,0.0,0.0,0.0,0.0,0.0,0.0,0.0,0.0,0.0,0.0
1532,0.0,0.0,0.0,0.0,0.0,0.0,0.0,0.0,0.0,0.0,0.0
1533,0.0,0.0,0.0,0.0,0.0,0.0,0.0,0.0,0.0,0.0,0.0
1534,0.0,0.0,0.0,0.0,0.0,0.0,0.0,0.0,0.0,0.0,0.0
1535,0.0,0.0,0.0,0.0,0.0,0.0,0.0,0.0,0.0,0.0,0.0
1536,0.0,0.0,0.0,0.0,0.0,0.0,0.0,0.0,0.0,0.0,0.0
1537,0.0,0.0,0.0,0.0,0.0,0.0,0.0,0.0,0.0,0.0,0.0
1538,0.0,0.0,0.0,0.0,0.0,0.0,0.0,0.0,0.0,0.0,0.0
1539,0.0,0.0,0.0,0.0,0.0,0.0,0.0,0.0,0.0,0.0,0.0
1540,0.0,0.0,0.0,0.0,0.0,0.0,0.0,0.0,0.0,0.0,0.0
1541,0.0,0.0,0.0,0.0,0.0,0.0,0.0,0.0,0.0,0.0,0.0
1542,0.0,0.0,0.0,0.0,0.0,0.0,0.0,0.0,0.0,0.0,0.0
1543,0.0,0.0,0.0,0.0,0.0,0.0,0.0,0.0,0.0,0.0,0.0
1544,0.0,0.0,0.0,0.0,0.0,0.0,0.0,0.0,0.0,0.0,0.0
1545,0.0,0.0,0.0,0.0,0.0,0.0,0.0,0.0,0.0,0.0,0.0
1546,0.0,0.0,0.0,0.0,0.0,0.0,0.0,0.0,0.0,0.0,0.0
1547,0.0,0.0,0.0,0.0,0.0,0.0,0.0,0.0,0.0,0.0,0.0
1548,0.0,0.0,0.0,0.0,0.0,0.0,0.0,0.0,0.0,0.0,0.0
1549,0.0,0.0,0.0,0.0,0.0,0.0,0.0,0.0,0.0,0.0,0.0
1550,0.0,0.0,0.0,0.0,0.0,0.0,0.0,0.0,0.0,0.0,0.0
1551,0.0,0.0,0.0,0.0,0.0,0.0,0.0,0.0,0.0,0.0,0.0
1552,0.0,0.0,0.0,0.0,0.0,0.0,0.0,0.0,0.0,0.0,0.0
1553,0.0,0.0,0.0,0.0,0.0,0.0,0.0,0.0,0.0,0.0,0.0
1554,0.0,0.0,0.0,0.0,0.0,0.0,0.0,0.0,0.0,0.0,0.0
1555,0.0,0.0,0.0,0.0,0.0,0.0,0.0,0.0,0.0,0.0,0.0
1556,0.0,0.0,0.0,0.0,0.0,0.0,0.0,0.0,0.0,0.0,0.0
1557,0.0,0.0,0.0,0.0,0.0,0.0,0.0,0.0,0.0,0.0,0.0
1558,0.0,0.0,0.0,0.0,0.0,0.0,0.0,0.0,0.0,0.0,0.0
1559,0.0,0.0,0.0,0.0,0.0,0.0,0.0,0.0,0.0,0.0,0.0
1560,0.0,0.0,0.0,0.0,0.0,0.0,0.0,0.0,0.0,0.0,0.0
1561,0.0,0.0,0.0,0.0,0.0,0.0,0.0,0.0,0.0,0.0,0.0
1562,0.0,0.0,0.0,0.0,0.0,0.0,0.0,0.0,0.0,0.0,0.0
1563,0.0,0.0,0.0,0.0,0.0,0.0,0.0,0.0,0.0,0.0,0.0
1564,0.0,0.0,0.0,0.0,0.0,0.0,0.0,0.0,0.0,0.0,0.0
1565,0.0,0.0,0.0,0.0,0.0,0.0,0.0,0.0,0.0,0.0,0.0
1566,0.0,0.0,0.0,0.0,0.0,0.0,0.0,0.0,0.0,0.0,0.0
1567,0.0,0.0,0.0,0.0,0.0,0.0,0.0,0.0,0.0,0.0,0.0
1568,0.0,0.0,0.0,0.0,0.0,0.0,0.0,0.0,0.0,0.0,0.0
1569,0.0,0.0,0.0,0.0,0.0,0.0,0.0,0.0,0.0,0.0,0.0
1570,0.0,0.0,0.0,0.0,0.0,0.0,0.0,0.0,0.0,0.0,0.0
1571,0.0,0.0,0.0,0.0,0.0,0.0,0.0,0.0,0.0,0.0,0.0
1572,0.0,0.0,0.0,0.0,0.0,0.0,0.0,0.0,0.0,0.0,0.0
1573,0.0,0.0,0.0,0.0,0.0,0.0,0.0,0.0,0.0,0.0,0.0
1574,0.0,0.0,0.0,0.0,0.0,0.0,0.0,0.0,0.0,0.0,0.0
1575,0.0,0.0,0.0,0.0,0.0,0.0,0.0,0.0,0.0,0.0,0.0
1576,0.0,0.0,0.0,0.0,0.0,0.0,0.0,0.0,0.0,0.0,0.0
1577,0.0,0.0,0.0,0.0,0.0,0.0,0.0,0.0,0.0,0.0,0.0
1578,0.0,0.0,0.0,0.0,0.0,0.0,0.0,0.0,0.0,0.0,0.0
1579,0.0,0.0,0.0,0.0,0.0,0.0,0.0,0.0,0.0,0.0,0.0
1580,0.0,0.0,0.0,0.0,0.0,0.0,0.0,0.0,0.0,0.0,0.0
1581,0.0,0.0,0.0,0.0,0.0,0.0,0.0,0.0,0.0,0.0,0.0
1582,0.0,0.0,0.0,0.0,0.0,0.0,0.0,0.0,0.0,0.0,0.0
1583,0.0,0.0,0.0,0.0,0.0,0.0,0.0,0.0,0.0,0.0,0.0
1584,0.0,0.0,0.0,0.0,0.0,0.0,0.0,0.0,0.0,0.0,0.0
1585,0.0,0.0,0.0,0.0,0.0,0.0,0.0,0.0,0.0,0.0,0.0
1586,0.0,0.0,0.0,0.0,0.0,0.0,0.0,0.0,0.0,0.0,0.0
1587,0.0,0.0,0.0,0.0,0.0,0.0,0.0,0.0,0.0,0.0,0.0
1588,0.0,0.0,0.0,0.0,0.0,0.0,0.0,0.0,0.0,0.0,0.0
1589,0.0,0.0,0.0,0.0,0.0,0.0,0.0,0.0,0.0,0.0,0.0
1590,0.0,0.0,0.0,0.0,0.0,0.0,0.0,0.0,0.0,0.0,0.0
1591,0.0,0.0,0.0,0.0,0.0,0.0,0.0,0.0,0.0,0.0,0.0
1592,0.0,0.0,0.0,0.0,0.0,0.0,0.0,0.0,0.0,0.0,0.0
1593,0.0,0.0,0.0,0.0,0.0,0.0,0.0,0.0,0.0,0.0,0.0
1594,0.0,0.0,0.0,0.0,0.0,0.0,0.0,0.0,0.0,0.0,0.0
1595,0.0,0.0,0.0,0.0,0.0,0.0,0.0,0.0,0.0,0.0,0.0
1596,0.0,0.0,0.0,0.0,0.0,0.0,0.0,0.0,0.0,0.0,0.0
1597,0.0,0.0,0.0,0.0,0.0,0.0,0.0,0.0,0.0,0.0,0.0
1598,0.0,0.0,0.0,0.0,0.0,0.0,0.0,0.0,0.0,0.0,0.0
1599,0.0,0.0,0.0,0.0,0.0,0.0,0.0,0.0,0.0,0.0,0.0
1600,0.0,0.0,0.0,0.0,0.0,0.0,0.0,0.0,0.0,0.0,0.0
1601,0.0,0.0,0.0,0.0,0.0,0.0,0.0,0.0,0.0,0.0,0.0
1602,0.0,0.0,0.0,0.0,0.0,0.0,0.0,0.0,0.0,0.0,0.0
1603,0.0,0.0,0.0,0.0,0.0,0.0,0.0,0.0,0.0,0.0,0.0
1604,0.0,0.0,0.0,0.0,0.0,0.0,0.0,0.0,0.0,0.0,0.0
1605,0.0,0.0,0.0,0.0,0.0,0.0,0.0,0.0,0.0,0.0,0.0
1606,0.0,0.0,0.0,0.0,0.0,0.0,0.0,0.0,0.0,0.0,0.0
1607,0.0,0.0,0.0,0.0,0.0,0.0,0.0,0.0,0.0,0.0,0.0
1608,0.0,0.0,0.0,0.0,0.0,0.0,0.0,0.0,0.0,0.0,0.0
1609,0.0,0.0,0.0,0.0,0.0,0.0,0.0,0.0,0.0,0.0,0.0
1610,0.0,0.0,0.0,0.0,0.0,0.0,0.0,0.0,0.0,0.0,0.0
1611,0.0,0.0,0.0,0.0,0.0,0.0,0.0,0.0,0.0,0.0,0.0
1612,0.0,0.0,0.0,0.0,0.0,0.0,0.0,0.0,0.0,0.0,0.0
1613,0.0,0.0,0.0,0.0,0.0,0.0,0.0,0.0,0.0,0.0,0.0
1614,0.0,0.0,0.0,0.0,0.0,0.0,0.0,0.0,0.0,0.0,0.0
1615,0.0,0.0,0.0,0.0,0.0,0.0,0.0,0.0,0.0,0.0,0.0
1616,0.0,0.0,0.0,0.0,0.0,0.0,0.0,0.0,0.0,0.0,0.0
1617,0.0,0.0,0.0,0.0,0.0,0.0,0.0,0.0,0.0,0.0,0.0
1618,0.0,0.0,0.0,0.0,0.0,0.0,0.0,0.0,0.0,0.0,0.0
1619,0.0,0.0,0.0,0.0,0.0,0.0,0.0,0.0,0.0,0.0,0.0
1620,0.0,0.0,0.0,0.0,0.0,0.0,0.0,0.0,0.0,0.0,0.0
1621,0.0,0.0,0.0,0.0,0.0,0.0,0.0,0.0,0.0,0.0,0.0
1622,0.0,0.0,0.0,0.0,0.0,0.0,0.0,0.0,0.0,0.0,0.0
1623,0.0,0.0,0.0,0.0,0.0,0.0,0.0,0.0,0.0,0.0,0.0
1624,0.0,0.0,0.0,0.0,0.0,0.0,0.0,0.0,0.0,0.0,0.0
1625,0.0,0.0,0.0,0.0,0.0,0.0,0.0,0.0,0.0,0.0,0.0
1626,0.0,0.0,0.0,0.0,0.0,0.0,0.0,0.0,0.0,0.0,0.0
1627,0.0,0.0,0.0,0.0,0.0,0.0,0.0,0.0,0.0,0.0,0.0
1628,0.0,0.0,0.0,0.0,0.0,0.0,0.0,0.0,0.0,0.0,0.0
1629,0.0,0.0,0.0,0.0,0.0,0.0,0.0,0.0,0.0,0.0,0.0
1630,0.0,0.0,0.0,0.0,0.0,0.0,0.0,0.0,0.0,0.0,0.0
1631,0.0,0.0,0.0,0.0,0.0,0.0,0.0,0.0,0.0,0.0,0.0
1632,0.0,0.0,0.0,0.0,0.0,0.0,0.0,0.0,0.0,0.0,0.0
1633,0.0,0.0,0.0,0.0,0.0,0.0,0.0,0.0,0.0,0.0,0.0
1634,0.0,0.0,0.0,0.0,0.0,0.0,0.0,0.0,0.0,0.0,0.0
1635,0.0,0.0,0.0,0.0,0.0,0.0,0.0,0.0,0.0,0.0,0.0
1636,0.0,0.0,0.0,0.0,0.0,0.0,0.0,0.0,0.0,0.0,0.0
1637,0.0,0.0,0.0,0.0,0.0,0.0,0.0,0.0,0.0,0.0,0.0
1638,0.0,0.0,0.0,0.0,0.0,0.0,0.0,0.0,0.0,0.0,0.0
1639,0.0,0.0,0.0,0.0,0.0,0.0,0.0,0.0,0.0,0.0,0.0
1640,0.0,0.0,0.0,0.0,0.0,0.0,0.0,0.0,0.0,0.0,0.0
1641,0.0,0.0,0.0,0.0,0.0,0.0,0.0,0.0,0.0,0.0,0.0
1642,0.0,0.0,0.0,0.0,0.0,0.0,0.0,0.0,0.0,0.0,0.0
1643,0.0,0.0,0.0,0.0,0.0,0.0,0.0,0.0,0.0,0.0,0.0
1644,0.0,0.0,0.0,0.0,0.0,0.0,0.0,0.0,0.0,0.0,0.0
1645,0.0,0.0,0.0,0.0,0.0,0.0,0.0,0.0,0.0,0.0,0.0
1646,0.0,0.0,0.0,0.0,0.0,0.0,0.0,0.0,0.0,0.0,0.0
1647,0.0,0.0,0.0,0.0,0.0,0.0,0.0,0.0,0.0,0.0,0.0
1648,0.0,0.0,0.0,0.0,0.0,0.0,0.0,0.0,0.0,0.0,0.0
1649,0.0,0.0,0.0,0.0,0.0,0.0,0.0,0.0,0.0,0.0,0.0
1650,0.0,0.0,0.0,0.0,0.0,0.0,0.0,0.0,0.0,0.0,0.0
1651,0.0,0.0,0.0,0.0,0.0,0.0,0.0,0.0,0.0,0.0,0.0
1652,0.0,0.0,0.0,0.0,0.0,0.0,0.0,0.0,0.0,0.0,0.0
1653,0.0,0.0,0.0,0.0,0.0,0.0,0.0,0.0,0.0,0.0,0.0
1654,0.0,0.0,0.0,0.0,0.0,0.0,0.0,0.0,0.0,0.0,0.0
1655,0.0,0.0,0.0,0.0,0.0,0.0,0.0,0.0,0.0,0.0,0.0
1656,0.0,0.0,0.0,0.0,0.0,0.0,0.0,0.0,0.0,0.0,0.0
1657,0.0,0.0,0.0,0.0,0.0,0.0,0.0,0.0,0.0,0.0,0.0
1658,0.0,0.0,0.0,0.0,0.0,0.0,0.0,0.0,0.0,0.0,0.0
1659,0.0,0.0,0.0,0.0,0.0,0.0,0.0,0.0,0.0,0.0,0.0
1660,0.0,0.0,0.0,0.0,0.0,0.0,0.0,0.0,0.0,0.0,0.0
1661,0.0,0.0,0.0,0.0,0.0,0.0,0.0,0.0,0.0,0.0,0.0
1662,0.0,0.0,0.0,0.0,0.0,0.0,0.0,0.0,0.0,0.0,0.0
1663,0.0,0.0,0.0,0.0,0.0,0.0,0.0,0.0,0.0,0.0,0.0
1664,0.0,0.0,0.0,0.0,0.0,0.0,0.0,0.0,0.0,0.0,0.0
1665,0.0,0.0,0.0,0.0,0.0,0.0,0.0,0.0,0.0,0.0,0.0
1666,0.0,0.0,0.0,0.0,0.0,0.0,0.0,0.0,0.0,0.0,0.0
1667,0.0,0.0,0.0,0.0,0.0,0.0,0.0,0.0,0.0,0.0,0.0
1668,0.0,0.0,0.0,0.0,0.0,0.0,0.0,0.0,0.0,0.0,0.0
1669,0.0,0.0,0.0,0.0,0.0,0.0,0.0,0.0,0.0,0.0,0.0
1670,0.0,0.0,0.0,0.0,0.0,0.0,0.0,0.0,0.0,0.0,0.0
1671,0.0,0.0,0.0,0.0,0.0,0.0,0.0,0.0,0.0,0.0,0.0
1672,0.0,0.0,0.0,0.0,0.0,0.0,0.0,0.0,0.0,0.0,0.0
1673,0.0,0.0,0.0,0.0,0.0,0.0,0.0,0.0,0.0,0.0,0.0
1674,0.0,0.0,0.0,0.0,0.0,0.0,0.0,0.0,0.0,0.0,0.0
1675,0.0,0.0,0.0,0.0,0.0,0.0,0.0,0.0,0.0,0.0,0.0
1676,0.0,0.0,0.0,0.0,0.0,0.0,0.0,0.0,0.0,0.0,0.0
1677,0.0,0.0,0.0,0.0,0.0,0.0,0.0,0.0,0.0,0.0,0.0
1678,0.0,0.0,0.0,0.0,0.0,0.0,0.0,0.0,0.0,0.0,0.0
1679,0.0,0.0,0.0,0.0,0.0,0.0,0.0,0.0,0.0,0.0,0.0
1680,0.0,0.0,0.0,0.0,0.0,0.0,0.0,0.0,0.0,0.0,0.0
1681,0.0,0.0,0.0,0.0,0.0,0.0,0.0,0.0,0.0,0.0,0.0
1682,0.0,0.0,0.0,0.0,0.0,0.0,0.0,0.0,0.0,0.0,0.0
1683,0.0,0.0,0.0,0.0,0.0,0.0,0.0,0.0,0.0,0.0,0.0
1684,0.0,0.0,0.0,0.0,0.0,0.0,0.0,0.0,0.0,0.0,0.0
1685,0.0,0.0,0.0,0.0,0.0,0.0,0.0,0.0,0.0,0.0,0.0
1686,0.0,0.0,0.0,0.0,0.0,0.0,0.0,0.0,0.0,0.0,0.0
1687,0.0,0.0,0.0,0.0,0.0,0.0,0.0,0.0,0.0,0.0,0.0
1688,0.0,0.0,0.0,0.0,0.0,0.0,0.0,0.0,0.0,0.0,0.0
1689,0.0,0.0,0.0,0.0,0.0,0.0,0.0,0.0,0.0,0.0,0.0
1690,0.0,0.0,0.0,0.0,0.0,0.0,0.0,0.0,0.0,0.0,0.0
1691,0.0,0.0,0.0,0.0,0.0,0.0,0.0,0.0,0.0,0.0,0.0
1692,0.0,0.0,0.0,0.0,0.0,0.0,0.0,0.0,0.0,0.0,0.0
1693,0.0,0.0,0.0,0.0,0.0,0.0,0.0,0.0,0.0,0.0,0.0
1694,0.0,0.0,0.0,0.0,0.0,0.0,0.0,0.0,0.0,0.0,0.0
1695,0.0,0.0,0.0,0.0,0.0,0.0,0.0,0.0,0.0,0.0,0.0
1696,0.0,0.0,0.0,0.0,0.0,0.0,0.0,0.0,0.0,0.0,0.0
1697,0.0,0.0,0.0,0.0,0.0,0.0,0.0,0.0,0.0,0.0,0.0
1698,0.0,0.0,0.0,0.0,0.0,0.0,0.0,0.0,0.0,0.0,0.0
1699,0.0,0.0,0.0,0.0,0.0,0.0,0.0,0.0,0.0,0.0,0.0
1700,0.0,0.0,0.0,0.0,0.0,0.0,0.0,0.0,0.0,0.0,0.0
1701,0.0,0.0,0.0,0.0,0.0,0.0,0.0,0.0,0.0,0.0,0.0
1702,0.0,0.0,0.0,0.0,0.0,0.0,0.0,0.0,0.0,0.0,0.0
1703,0.0,0.0,0.0,0.0,0.0,0.0,0.0,0.0,0.0,0.0,0.0
1704,0.0,0.0,0.0,0.0,0.0,0.0,0.0,0.0,0.0,0.0,0.0
1705,0.0,0.0,0.0,0.0,0.0,0.0,0.0,0.0,0.0,0.0,0.0
1706,0.0,0.0,0.0,0.0,0.0,0.0,0.0,0.0,0.0,0.0,0.0
1707,0.0,0.0,0.0,0.0,0.0,0.0,0.0,0.0,0.0,0.0,0.0
1708,0.0,0.0,0.0,0.0,0.0,0.0,0.0,0.0,0.0,0.0,0.0
1709,0.0,0.0,0.0,0.0,0.0,0.0,0.0,0.0,0.0,0.0,0.0
1710,0.0,0.0,0.0,0.0,0.0,0.0,0.0,0.0,0.0,0.0,0.0
1711,0.0,0.0,0.0,0.0,0.0,0.0,0.0,0.0,0.0,0.0,0.0
1712,0.0,0.0,0.0,0.0,0.0,0.0,0.0,0.0,0.0,0.0,0.0
1713,0.0,0.0,0.0,0.0,0.0,0.0,0.0,0.0,0.0,0.0,0.0
1714,0.0,0.0,0.0,0.0,0.0,0.0,0.0,0.0,0.0,0.0,0.0
1715,0.0,0.0,0.0,0.0,0.0,0.0,0.0,0.0,0.0,0.0,0.0
1716,0.0,0.0,0.0,0.0,0.0,0.0,0.0,0.0,0.0,0.0,0.0
1717,0.0,0.0,0.0,0.0,0.0,0.0,0.0,0.0,0.0,0.0,0.0
1718,0.0,0.0,0.0,0.0,0.0,0.0,0.0,0.0,0.0,0.0,0.0
1719,0.0,0.0,0.0,0.0,0.0,0.0,0.0,0.0,0.0,0.0,0.0
1720,0.0,0.0,0.0,0.0,0.0,0.0,0.0,0.0,0.0,0.0,0.0
1721,0.0,0.0,0.0,0.0,0.0,0.0,0.0,0.0,0.0,0.0,0.0
1722,0.0,0.0,0.0,0.0,0.0,0.0,0.0,0.0,0.0,0.0,0.0
1723,0.0,0.0,0.0,0.0,0.0,0.0,0.0,0.0,0.0,0.0,0.0
1724,0.0,0.0,0.0,0.0,0.0,0.0,0.0,0.0,0.0,0.0,0.0
1725,0.0,0.0,0.0,0.0,0.0,0.0,0.0,0.0,0.0,0.0,0.0
1726,0.0,0.0,0.0,0.0,0.0,0.0,0.0,0.0,0.0,0.0,0.0
1727,0.0,0.0,0.0,0.0,0.0,0.0,0.0,0.0,0.0,0.0,0.0
1728,0.0,0.0,0.0,0.0,0.0,0.0,0.0,0.0,0.0,0.0,0.0
1729,0.0,0.0,0.0,0.0,0.0,0.0,0.0,0.0,0.0,0.0,0.0
1730,0.0,0.0,0.0,0.0,0.0,0.0,0.0,0.0,0.0,0.0,0.0
1731,0.0,0.0,0.0,0.0,0.0,0.0,0.0,0.0,0.0,0.0,0.0
1732,0.0,0.0,0.0,0.0,0.0,0.0,0.0,0.0,0.0,0.0,0.0
1733,0.0,0.0,0.0,0.0,0.0,0.0,0.0,0.0,0.0,0.0,0.0
1734,0.0,0.0,0.0,0.0,0.0,0.0,0.0,0.0,0.0,0.0,0.0
1735,0.0,0.0,0.0,0.0,0.0,0.0,0.0,0.0,0.0,0.0,0.0
1736,0.0,0.0,0.0,0.0,0.0,0.0,0.0,0.0,0.0,0.0,0.0
1737,0.0,0.0,0.0,0.0,0.0,0.0,0.0,0.0,0.0,0.0,0.0
1738,0.0,0.0,0.0,0.0,0.0,0.0,0.0,0.0,0.0,0.0,0.0
1739,0.0,0.0,0.0,0.0,0.0,0.0,0.0,0.0,0.0,0.0,0.0
1740,0.0,0.0,0.0,0.0,0.0,0.0,0.0,0.0,0.0,0.0,0.0
1741,0.0,0.0,0.0,0.0,0.0,0.0,0.0,0.0,0.0,0.0,0.0
1742,0.0,0.0,0.0,0.0,0.0,0.0,0.0,0.0,0.0,0.0,0.0
1743,0.0,0.0,0.0,0.0,0.0,0.0,0.0,0.0,0.0,0.0,0.0
1744,0.0,0.0,0.0,0.0,0.0,0.0,0.0,0.0,0.0,0.0,0.0
1745,0.0,0.0,0.0,0.0,0.0,0.0,0.0,0.0,0.0,0.0,0.0
1746,0.0,0.0,0.0,0.0,0.0,0.0,0.0,0.0,0.0,0.0,0.0
1747,0.0,0.0,0.0,0.0,0.0,0.0,0.0,0.0,0.0,0.0,0.0
1748,0.0,0.0,0.0,0.0,0.0,0.0,0.0,0.0,0.0,0.0,0.0
1749,0.0,0.0,0.0,0.0,0.0,0.0,0.0,0.0,0.0,0.0,0.0
1750,0.0,0.0,0.0,0.0,0.0,0.0,0.0,0.0,0.0,0.0,0.0
1751,0.0,0.0,0.0,0.0,0.0,0.0,0.0,0.0,0.0,0.0,0.0
1752,0.0,0.0,0.0,0.0,0.0,0.0,0.0,0.0,0.0,0.0,0.0
1753,0.0,0.0,0.0,0.0,0.0,0.0,0.0,0.0,0.0,0.0,0.0
1754,0.0,0.0,0.0,0.0,0.0,0.0,0.0,0.0,0.0,0.0,0.0
1755,0.0,0.0,0.0,0.0,0.0,0.0,0.0,0.0,0.0,0.0,0.0
1756,0.0,0.0,0.0,0.0,0.0,0.0,0.0,0.0,0.0,0.0,0.0
1757,0.0,0.0,0.0,0.0,0.0,0.0,0.0,0.0,0.0,0.0,0.0
1758,0.0,0.0,0.0,0.0,0.0,0.0,0.0,0.0,0.0,0.0,0.0
1759,0.0,0.0,0.0,0.0,0.0,0.0,0.0,0.0,0.0,0.0,0.0
1760,0.0,0.0,0.0,0.0,0.0,0.0,0.0,0.0,0.0,0.0,0.0
1761,0.0,0.0,0.0,0.0,0.0,0.0,0.0,0.0,0.0,0.0,0.0
1762,0.0,0.0,0.0,0.0,0.0,0.0,0.0,0.0,0.0,0.0,0.0
1763,0.0,0.0,0.0,0.0,0.0,0.0,0.0,0.0,0.0,0.0,0.0
1764,0.0,0.0,0.0,0.0,0.0,0.0,0.0,0.0,0.0,0.0,0.0
1765,0.0,0.0,0.0,0.0,0.0,0.0,0.0,0.0,0.0,0.0,0.0
1766,0.0,0.0,0.0,0.0,0.0,0.0,0.0,0.0,0.0,0.0,0.0
1767,0.0,0.0,0.0,0.0,0.0,0.0,0.0,0.0,0.0,0.0,0.0
1768,0.0,0.0,0.0,0.0,0.0,0.0,0.0,0.0,0.0,0.0,0.0
1769,0.0,0.0,0.0,0.0,0.0,0.0,0.0,0.0,0.0,0.0,0.0
1770,0.0,0.0,0.0,0.0,0.0,0.0,0.0,0.0,0.0,0.0,0.0
1771,0.0,0.0,0.0,0.0,0.0,0.0,0.0,0.0,0.0,0.0,0.0
1772,0.0,0.0,0.0,0.0,0.0,0.0,0.0,0.0,0.0,0.0,0.0
1773,0.0,0.0,0.0,0.0,0.0,0.0,0.0,0.0,0.0,0.0,0.0
1774,0.0,0.0,0.0,0.0,0.0,0.0,0.0,0.0,0.0,0.0,0.0
1775,0.0,0.0,0.0,0.0,0.0,0.0,0.0,0.0,0.0,0.0,0.0
1776,0.0,0.0,0.0,0.0,0.0,0.0,0.0,0.0,0.0,0.0,0.0
1777,0.0,0.0,0.0,0.0,0.0,0.0,0.0,0.0,0.0,0.0,0.0
1778,0.0,0.0,0.0,0.0,0.0,0.0,0.0,0.0,0.0,0.0,0.0
1779,0.0,0.0,0.0,0.0,0.0,0.0,0.0,0.0,0.0,0.0,0.0
1780,0.0,0.0,0.0,0.0,0.0,0.0,0.0,0.0,0.0,0.0,0.0
1781,0.0,0.0,0.0,0.0,0.0,0.0,0.0,0.0,0.0,0.0,0.0
1782,0.0,0.0,0.0,0.0,0.0,0.0,0.0,0.0,0.0,0.0,0.0
1783,0.0,0.0,0.0,0.0,0.0,0.0,0.0,0.0,0.0,0.0,0.0
1784,0.0,0.0,0.0,0.0,0.0,0.0,0.0,0.0,0.0,0.0,0.0
1785,0.0,0.0,0.0,0.0,0.0,0.0,0.0,0.0,0.0,0.0,0.0
1786,0.0,0.0,0.0,0.0,0.0,0.0,0.0,0.0,0.0,0.0,0.0
1787,0.0,0.0,0.0,0.0,0.0,0.0,0.0,0.0,0.0,0.0,0.0
1788,0.0,0.0,0.0,0.0,0.0,0.0,0.0,0.0,0.0,0.0,0.0
1789,0.0,0.0,0.0,0.0,0.0,0.0,0.0,0.0,0.0,0.0,0.0
1790,0.0,0.0,0.0,0.0,0.0,0.0,0.0,0.0,0.0,0.0,0.0
1791,0.0,0.0,0.0,0.0,0.0,0.0,0.0,0.0,0.0,0.0,0.0
1792,0.0,0.0,0.0,0.0,0.0,0.0,0.0,0.0,0.0,0.0,0.0
1793,0.0,0.0,0.0,0.0,0.0,0.0,0.0,0.0,0.0,0.0,0.0
1794,0.0,0.0,0.0,0.0,0.0,0.0,0.0,0.0,0.0,0.0,0.0
1795,0.0,0.0,0.0,0.0,0.0,0.0,0.0,0.0,0.0,0.0,0.0
1796,0.0,0.0,0.0,0.0,0.0,0.0,0.0,0.0,0.0,0.0,0.0
1797,0.0,0.0,0.0,0.0,0.0,0.0,0.0,0.0,0.0,0.0,0.0
1798,0.0,0.0,0.0,0.0,0.0,0.0,0.0,0.0,0.0,0.0,0.0
1799,0.0,0.0,0.0,0.0,0.0,0.0,0.0,0.0,0.0,0.0,0.0
1800,0.0,0.0,0.0,0.0,0.0,0.0,0.0,0.0,0.0,0.0,0.0
1801,0.0,0.0,0.0,0.0,0.0,0.0,0.0,0.0,0.0,0.0,0.0
1802,0.0,0.0,0.0,0.0,0.0,0.0,0.0,0.0,0.0,0.0,0.0
1803,0.0,0.0,0.0,0.0,0.0,0.0,0.0,0.0,0.0,0.0,0.0
1804,0.0,0.0,0.0,0.0,0.0,0.0,0.0,0.0,0.0,0.0,0.0
1805,0.0,0.0,0.0,0.0,0.0,0.0,0.0,0.0,0.0,0.0,0.0
1806,0.0,0.0,0.0,0.0,0.0,0.0,0.0,0.0,0.0,0.0,0.0
1807,0.0,0.0,0.0,0.0,0.0,0.0,0.0,0.0,0.0,0.0,0.0
1808,0.0,0.0,0.0,0.0,0.0,0.0,0.0,0.0,0.0,0.0,0.0
1809,0.0,0.0,0.0,0.0,0.0,0.0,0.0,0.0,0.0,0.0,0.0
1810,0.0,0.0,0.0,0.0,0.0,0.0,0.0,0.0,0.0,0.0,0.0
1811,0.0,0.0,0.0,0.0,0.0,0.0,0.0,0.0,0.0,0.0,0.0
1812,0.0,0.0,0.0,0.0,0.0,0.0,0.0,0.0,0.0,0.0,0.0
1813,0.0,0.0,0.0,0.0,0.0,0.0,0.0,0.0,0.0,0.0,0.0
1814,0.0,0.0,0.0,0.0,0.0,0.0,0.0,0.0,0.0,0.0,0.0
1815,0.0,0.0,0.0,0.0,0.0,0.0,0.0,0.0,0.0,0.0,0.0
1816,0.0,0.0,0.0,0.0,0.0,0.0,0.0,0.0,0.0,0.0,0.0
1817,0.0,0.0,0.0,0.0,0.0,0.0,0.0,0.0,0.0,0.0,0.0
1818,0.0,0.0,0.0,0.0,0.0,0.0,0.0,0.0,0.0,0.0,0.0
1819,0.0,0.0,0.0,0.0,0.0,0.0,0.0,0.0,0.0,0.0,0.0
1820,0.0,0.0,0.0,0.0,0.0,0.0,0.0,0.0,0.0,0.0,0.0
1821,0.0,0.0,0.0,0.0,0.0,0.0,0.0,0.0,0.0,0.0,0.0
1822,0.0,0.0,0.0,0.0,0.0,0.0,0.0,0.0,0.0,0.0,0.0
1823,0.0,0.0,0.0,0.0,0.0,0.0,0.0,0.0,0.0,0.0,0.0
1824,0.0,0.0,0.0,0.0,0.0,0.0,0.0,0.0,0.0,0.0,0.0
1825,0.0,0.0,0.0,0.0,0.0,0.0,0.0,0.0,0.0,0.0,0.0
1826,0.0,0.0,0.0,0.0,0.0,0.0,0.0,0.0,0.0,0.0,0.0
