,0,1,2,3,4,5,6,7,8,9,10
0,0.07737913775694295,0.04436722212981551,0.4230338272957985,0.20803471963728268,0.05559938758912895,0.16132722230828636,0.02181051328542557,0.0249010257213606,0.026723587395993283,-0.08645041068271274,0.04327376756267833
1,0.07737913775694295,0.04436722212981551,0.4230338272957985,0.20803471963728268,0.05559938758912895,0.16132722230828636,0.02181051328542557,0.0249010257213606,0.026723587395993283,-0.08645041068271274,0.04327376756267833
2,0.07737913775694295,0.04436722212981551,0.4230338272957985,0.20803471963728268,0.05559938758912895,0.16132722230828636,0.02181051328542557,0.0249010257213606,0.026723587395993283,-0.08645041068271274,0.04327376756267833
3,0.07737913775694295,0.04436722212981551,0.4230338272957985,0.20803471963728268,0.05559938758912895,0.16132722230828636,0.02181051328542557,0.0249010257213606,0.026723587395993283,-0.08645041068271274,0.04327376756267833
4,0.07737913775694295,0.04436722212981551,0.4230338272957985,0.20803471963728268,0.05559938758912895,0.16132722230828636,0.02181051328542557,0.0249010257213606,0.026723587395993283,-0.08645041068271274,0.04327376756267833
5,0.07737913775694295,0.04436722212981551,0.4230338272957985,0.20803471963728268,0.05559938758912895,0.16132722230828636,0.02181051328542557,0.0249010257213606,0.026723587395993283,-0.08645041068271274,0.04327376756267833
6,0.07737913775694295,0.04436722212981551,0.4230338272957985,0.20803471963728268,0.05559938758912895,0.16132722230828636,0.02181051328542557,0.0249010257213606,0.026723587395993283,-0.08645041068271274,0.04327376756267833
7,0.07737913775694295,0.04436722212981551,0.4230338272957985,0.20803471963728268,0.05559938758912895,0.16132722230828636,0.02181051328542557,0.0249010257213606,0.026723587395993283,-0.08645041068271274,0.04327376756267833
8,0.07737913775694295,0.04436722212981551,0.4230338272957985,0.20803471963728268,0.05559938758912895,0.16132722230828636,0.02181051328542557,0.0249010257213606,0.026723587395993283,-0.08645041068271274,0.04327376756267833
9,0.07737913775694295,0.04436722212981551,0.4230338272957985,0.20803471963728268,0.05559938758912895,0.16132722230828636,0.02181051328542557,0.0249010257213606,0.026723587395993283,-0.08645041068271274,0.04327376756267833
10,0.07737913775694295,0.04436722212981551,0.4230338272957985,0.20803471963728268,0.05559938758912895,0.16132722230828636,0.02181051328542557,0.0249010257213606,0.026723587395993283,-0.08645041068271274,0.04327376756267833
11,0.07737913775694295,0.04436722212981551,0.4230338272957985,0.20803471963728268,0.05559938758912895,0.16132722230828636,0.02181051328542557,0.0249010257213606,0.026723587395993283,-0.08645041068271274,0.04327376756267833
12,0.07737913775694295,0.04436722212981551,0.4230338272957985,0.20803471963728268,0.05559938758912895,0.16132722230828636,0.02181051328542557,0.0249010257213606,0.026723587395993283,-0.08645041068271274,0.04327376756267833
13,0.07737913775694295,0.04436722212981551,0.4230338272957985,0.20803471963728268,0.05559938758912895,0.16132722230828636,0.02181051328542557,0.0249010257213606,0.026723587395993283,-0.08645041068271274,0.04327376756267833
14,0.07737913775694295,0.04436722212981551,0.4230338272957985,0.20803471963728268,0.05559938758912895,0.16132722230828636,0.02181051328542557,0.0249010257213606,0.026723587395993283,-0.08645041068271274,0.04327376756267833
15,0.07737913775694295,0.04436722212981551,0.4230338272957985,0.20803471963728268,0.05559938758912895,0.16132722230828636,0.02181051328542557,0.0249010257213606,0.026723587395993283,-0.08645041068271274,0.04327376756267833
16,0.07737913775694295,0.04436722212981551,0.4230338272957985,0.20803471963728268,0.05559938758912895,0.16132722230828636,0.02181051328542557,0.0249010257213606,0.026723587395993283,-0.08645041068271274,0.04327376756267833
17,0.07737913775694295,0.04436722212981551,0.4230338272957985,0.20803471963728268,0.05559938758912895,0.16132722230828636,0.02181051328542557,0.0249010257213606,0.026723587395993283,-0.08645041068271274,0.04327376756267833
18,0.07737913775694295,0.04436722212981551,0.4230338272957985,0.20803471963728268,0.05559938758912895,0.16132722230828636,0.02181051328542557,0.0249010257213606,0.026723587395993283,-0.08645041068271274,0.04327376756267833
19,0.07737913775694295,0.04436722212981551,0.4230338272957985,0.20803471963728268,0.05559938758912895,0.16132722230828636,0.02181051328542557,0.0249010257213606,0.026723587395993283,-0.08645041068271274,0.04327376756267833
20,0.07737913775694295,0.04436722212981551,0.4230338272957985,0.20803471963728268,0.05559938758912895,0.16132722230828636,0.02181051328542557,0.0249010257213606,0.026723587395993283,-0.08645041068271274,0.04327376756267833
21,0.07737913775694295,0.04436722212981551,0.4230338272957985,0.20803471963728268,0.05559938758912895,0.16132722230828636,0.02181051328542557,0.0249010257213606,0.026723587395993283,-0.08645041068271274,0.04327376756267833
22,0.07737913775694295,0.04436722212981551,0.4230338272957985,0.20803471963728268,0.05559938758912895,0.16132722230828636,0.02181051328542557,0.0249010257213606,0.026723587395993283,-0.08645041068271274,0.04327376756267833
23,0.07737913775694295,0.04436722212981551,0.4230338272957985,0.20803471963728268,0.05559938758912895,0.16132722230828636,0.02181051328542557,0.0249010257213606,0.026723587395993283,-0.08645041068271274,0.04327376756267833
24,0.07737913775694295,0.04436722212981551,0.4230338272957985,0.20803471963728268,0.05559938758912895,0.16132722230828636,0.02181051328542557,0.0249010257213606,0.026723587395993283,-0.08645041068271274,0.04327376756267833
25,0.07737913775694295,0.04436722212981551,0.4230338272957985,0.20803471963728268,0.05559938758912895,0.16132722230828636,0.02181051328542557,0.0249010257213606,0.026723587395993283,-0.08645041068271274,0.04327376756267833
26,0.07737913775694295,0.04436722212981551,0.4230338272957985,0.20803471963728268,0.05559938758912895,0.16132722230828636,0.02181051328542557,0.0249010257213606,0.026723587395993283,-0.08645041068271274,0.04327376756267833
27,0.07737913775694295,0.04436722212981551,0.4230338272957985,0.20803471963728268,0.05559938758912895,0.16132722230828636,0.02181051328542557,0.0249010257213606,0.026723587395993283,-0.08645041068271274,0.04327376756267833
28,0.07737913775694295,0.04436722212981551,0.4230338272957985,0.20803471963728268,0.05559938758912895,0.16132722230828636,0.02181051328542557,0.0249010257213606,0.026723587395993283,-0.08645041068271274,0.04327376756267833
29,0.07737913775694295,0.04436722212981551,0.4230338272957985,0.20803471963728268,0.05559938758912895,0.16132722230828636,0.02181051328542557,0.0249010257213606,0.026723587395993283,-0.08645041068271274,0.04327376756267833
30,0.07737913775694295,0.04436722212981551,0.4230338272957985,0.20803471963728268,0.05559938758912895,0.16132722230828636,0.02181051328542557,0.0249010257213606,0.026723587395993283,-0.08645041068271274,0.04327376756267833
31,-6.992351899533454e-09,-0.003354296377224272,0.1802766285553765,-1.1252341602376914e-08,0.11251764458334297,0.7050699612433271,0.1786750267568799,-0.10281217731261806,0.1234607394158727,-0.09621207401312012,-0.09762143460714309
32,-6.992351899533454e-09,-0.003354296377224272,0.1802766285553765,-1.1252341602376914e-08,0.11251764458334297,0.7050699612433271,0.1786750267568799,-0.10281217731261806,0.1234607394158727,-0.09621207401312012,-0.09762143460714309
33,-6.992351899533454e-09,-0.003354296377224272,0.1802766285553765,-1.1252341602376914e-08,0.11251764458334297,0.7050699612433271,0.1786750267568799,-0.10281217731261806,0.1234607394158727,-0.09621207401312012,-0.09762143460714309
34,-6.992351899533454e-09,-0.003354296377224272,0.1802766285553765,-1.1252341602376914e-08,0.11251764458334297,0.7050699612433271,0.1786750267568799,-0.10281217731261806,0.1234607394158727,-0.09621207401312012,-0.09762143460714309
35,-6.992351899533454e-09,-0.003354296377224272,0.1802766285553765,-1.1252341602376914e-08,0.11251764458334297,0.7050699612433271,0.1786750267568799,-0.10281217731261806,0.1234607394158727,-0.09621207401312012,-0.09762143460714309
36,-6.992351899533454e-09,-0.003354296377224272,0.1802766285553765,-1.1252341602376914e-08,0.11251764458334297,0.7050699612433271,0.1786750267568799,-0.10281217731261806,0.1234607394158727,-0.09621207401312012,-0.09762143460714309
37,-6.992351899533454e-09,-0.003354296377224272,0.1802766285553765,-1.1252341602376914e-08,0.11251764458334297,0.7050699612433271,0.1786750267568799,-0.10281217731261806,0.1234607394158727,-0.09621207401312012,-0.09762143460714309
38,-6.992351899533454e-09,-0.003354296377224272,0.1802766285553765,-1.1252341602376914e-08,0.11251764458334297,0.7050699612433271,0.1786750267568799,-0.10281217731261806,0.1234607394158727,-0.09621207401312012,-0.09762143460714309
39,-6.992351899533454e-09,-0.003354296377224272,0.1802766285553765,-1.1252341602376914e-08,0.11251764458334297,0.7050699612433271,0.1786750267568799,-0.10281217731261806,0.1234607394158727,-0.09621207401312012,-0.09762143460714309
40,-6.992351899533454e-09,-0.003354296377224272,0.1802766285553765,-1.1252341602376914e-08,0.11251764458334297,0.7050699612433271,0.1786750267568799,-0.10281217731261806,0.1234607394158727,-0.09621207401312012,-0.09762143460714309
41,-6.992351899533454e-09,-0.003354296377224272,0.1802766285553765,-1.1252341602376914e-08,0.11251764458334297,0.7050699612433271,0.1786750267568799,-0.10281217731261806,0.1234607394158727,-0.09621207401312012,-0.09762143460714309
42,-6.992351899533454e-09,-0.003354296377224272,0.1802766285553765,-1.1252341602376914e-08,0.11251764458334297,0.7050699612433271,0.1786750267568799,-0.10281217731261806,0.1234607394158727,-0.09621207401312012,-0.09762143460714309
43,-6.992351899533454e-09,-0.003354296377224272,0.1802766285553765,-1.1252341602376914e-08,0.11251764458334297,0.7050699612433271,0.1786750267568799,-0.10281217731261806,0.1234607394158727,-0.09621207401312012,-0.09762143460714309
44,-6.992351899533454e-09,-0.003354296377224272,0.1802766285553765,-1.1252341602376914e-08,0.11251764458334297,0.7050699612433271,0.1786750267568799,-0.10281217731261806,0.1234607394158727,-0.09621207401312012,-0.09762143460714309
45,-6.992351899533454e-09,-0.003354296377224272,0.1802766285553765,-1.1252341602376914e-08,0.11251764458334297,0.7050699612433271,0.1786750267568799,-0.10281217731261806,0.1234607394158727,-0.09621207401312012,-0.09762143460714309
46,-6.992351899533454e-09,-0.003354296377224272,0.1802766285553765,-1.1252341602376914e-08,0.11251764458334297,0.7050699612433271,0.1786750267568799,-0.10281217731261806,0.1234607394158727,-0.09621207401312012,-0.09762143460714309
47,-6.992351899533454e-09,-0.003354296377224272,0.1802766285553765,-1.1252341602376914e-08,0.11251764458334297,0.7050699612433271,0.1786750267568799,-0.10281217731261806,0.1234607394158727,-0.09621207401312012,-0.09762143460714309
48,-6.992351899533454e-09,-0.003354296377224272,0.1802766285553765,-1.1252341602376914e-08,0.11251764458334297,0.7050699612433271,0.1786750267568799,-0.10281217731261806,0.1234607394158727,-0.09621207401312012,-0.09762143460714309
49,-6.992351899533454e-09,-0.003354296377224272,0.1802766285553765,-1.1252341602376914e-08,0.11251764458334297,0.7050699612433271,0.1786750267568799,-0.10281217731261806,0.1234607394158727,-0.09621207401312012,-0.09762143460714309
50,-6.992351899533454e-09,-0.003354296377224272,0.1802766285553765,-1.1252341602376914e-08,0.11251764458334297,0.7050699612433271,0.1786750267568799,-0.10281217731261806,0.1234607394158727,-0.09621207401312012,-0.09762143460714309
51,-6.992351899533454e-09,-0.003354296377224272,0.1802766285553765,-1.1252341602376914e-08,0.11251764458334297,0.7050699612433271,0.1786750267568799,-0.10281217731261806,0.1234607394158727,-0.09621207401312012,-0.09762143460714309
52,-6.992351899533454e-09,-0.003354296377224272,0.1802766285553765,-1.1252341602376914e-08,0.11251764458334297,0.7050699612433271,0.1786750267568799,-0.10281217731261806,0.1234607394158727,-0.09621207401312012,-0.09762143460714309
53,-6.992351899533454e-09,-0.003354296377224272,0.1802766285553765,-1.1252341602376914e-08,0.11251764458334297,0.7050699612433271,0.1786750267568799,-0.10281217731261806,0.1234607394158727,-0.09621207401312012,-0.09762143460714309
54,-6.992351899533454e-09,-0.003354296377224272,0.1802766285553765,-1.1252341602376914e-08,0.11251764458334297,0.7050699612433271,0.1786750267568799,-0.10281217731261806,0.1234607394158727,-0.09621207401312012,-0.09762143460714309
55,-6.992351899533454e-09,-0.003354296377224272,0.1802766285553765,-1.1252341602376914e-08,0.11251764458334297,0.7050699612433271,0.1786750267568799,-0.10281217731261806,0.1234607394158727,-0.09621207401312012,-0.09762143460714309
56,-6.992351899533454e-09,-0.003354296377224272,0.1802766285553765,-1.1252341602376914e-08,0.11251764458334297,0.7050699612433271,0.1786750267568799,-0.10281217731261806,0.1234607394158727,-0.09621207401312012,-0.09762143460714309
57,-6.992351899533454e-09,-0.003354296377224272,0.1802766285553765,-1.1252341602376914e-08,0.11251764458334297,0.7050699612433271,0.1786750267568799,-0.10281217731261806,0.1234607394158727,-0.09621207401312012,-0.09762143460714309
58,-6.992351899533454e-09,-0.003354296377224272,0.1802766285553765,-1.1252341602376914e-08,0.11251764458334297,0.7050699612433271,0.1786750267568799,-0.10281217731261806,0.1234607394158727,-0.09621207401312012,-0.09762143460714309
59,-0.06428336090930786,0.46286942557297434,0.04999813752189469,0.3092608395691503,-0.05922549022808454,-0.14216152203428875,0.00030497867950812904,-0.03432962682831877,0.41562952991955343,0.001711867106942866,0.060225221629976226
60,-0.06428336090930786,0.46286942557297434,0.04999813752189469,0.3092608395691503,-0.05922549022808454,-0.14216152203428875,0.00030497867950812904,-0.03432962682831877,0.41562952991955343,0.001711867106942866,0.060225221629976226
61,-0.06428336090930786,0.46286942557297434,0.04999813752189469,0.3092608395691503,-0.05922549022808454,-0.14216152203428875,0.00030497867950812904,-0.03432962682831877,0.41562952991955343,0.001711867106942866,0.060225221629976226
62,-0.06428336090930786,0.46286942557297434,0.04999813752189469,0.3092608395691503,-0.05922549022808454,-0.14216152203428875,0.00030497867950812904,-0.03432962682831877,0.41562952991955343,0.001711867106942866,0.060225221629976226
63,-0.06428336090930786,0.46286942557297434,0.04999813752189469,0.3092608395691503,-0.05922549022808454,-0.14216152203428875,0.00030497867950812904,-0.03432962682831877,0.41562952991955343,0.001711867106942866,0.060225221629976226
64,-0.06428336090930786,0.46286942557297434,0.04999813752189469,0.3092608395691503,-0.05922549022808454,-0.14216152203428875,0.00030497867950812904,-0.03432962682831877,0.41562952991955343,0.001711867106942866,0.060225221629976226
65,-0.06428336090930786,0.46286942557297434,0.04999813752189469,0.3092608395691503,-0.05922549022808454,-0.14216152203428875,0.00030497867950812904,-0.03432962682831877,0.41562952991955343,0.001711867106942866,0.060225221629976226
66,-0.06428336090930786,0.46286942557297434,0.04999813752189469,0.3092608395691503,-0.05922549022808454,-0.14216152203428875,0.00030497867950812904,-0.03432962682831877,0.41562952991955343,0.001711867106942866,0.060225221629976226
67,-0.06428336090930786,0.46286942557297434,0.04999813752189469,0.3092608395691503,-0.05922549022808454,-0.14216152203428875,0.00030497867950812904,-0.03432962682831877,0.41562952991955343,0.001711867106942866,0.060225221629976226
68,-0.06428336090930786,0.46286942557297434,0.04999813752189469,0.3092608395691503,-0.05922549022808454,-0.14216152203428875,0.00030497867950812904,-0.03432962682831877,0.41562952991955343,0.001711867106942866,0.060225221629976226
69,-0.06428336090930786,0.46286942557297434,0.04999813752189469,0.3092608395691503,-0.05922549022808454,-0.14216152203428875,0.00030497867950812904,-0.03432962682831877,0.41562952991955343,0.001711867106942866,0.060225221629976226
70,-0.06428336090930786,0.46286942557297434,0.04999813752189469,0.3092608395691503,-0.05922549022808454,-0.14216152203428875,0.00030497867950812904,-0.03432962682831877,0.41562952991955343,0.001711867106942866,0.060225221629976226
71,-0.06428336090930786,0.46286942557297434,0.04999813752189469,0.3092608395691503,-0.05922549022808454,-0.14216152203428875,0.00030497867950812904,-0.03432962682831877,0.41562952991955343,0.001711867106942866,0.060225221629976226
72,-0.06428336090930786,0.46286942557297434,0.04999813752189469,0.3092608395691503,-0.05922549022808454,-0.14216152203428875,0.00030497867950812904,-0.03432962682831877,0.41562952991955343,0.001711867106942866,0.060225221629976226
73,-0.06428336090930786,0.46286942557297434,0.04999813752189469,0.3092608395691503,-0.05922549022808454,-0.14216152203428875,0.00030497867950812904,-0.03432962682831877,0.41562952991955343,0.001711867106942866,0.060225221629976226
74,-0.06428336090930786,0.46286942557297434,0.04999813752189469,0.3092608395691503,-0.05922549022808454,-0.14216152203428875,0.00030497867950812904,-0.03432962682831877,0.41562952991955343,0.001711867106942866,0.060225221629976226
75,-0.06428336090930786,0.46286942557297434,0.04999813752189469,0.3092608395691503,-0.05922549022808454,-0.14216152203428875,0.00030497867950812904,-0.03432962682831877,0.41562952991955343,0.001711867106942866,0.060225221629976226
76,-0.06428336090930786,0.46286942557297434,0.04999813752189469,0.3092608395691503,-0.05922549022808454,-0.14216152203428875,0.00030497867950812904,-0.03432962682831877,0.41562952991955343,0.001711867106942866,0.060225221629976226
77,-0.06428336090930786,0.46286942557297434,0.04999813752189469,0.3092608395691503,-0.05922549022808454,-0.14216152203428875,0.00030497867950812904,-0.03432962682831877,0.41562952991955343,0.001711867106942866,0.060225221629976226
78,-0.06428336090930786,0.46286942557297434,0.04999813752189469,0.3092608395691503,-0.05922549022808454,-0.14216152203428875,0.00030497867950812904,-0.03432962682831877,0.41562952991955343,0.001711867106942866,0.060225221629976226
79,-0.06428336090930786,0.46286942557297434,0.04999813752189469,0.3092608395691503,-0.05922549022808454,-0.14216152203428875,0.00030497867950812904,-0.03432962682831877,0.41562952991955343,0.001711867106942866,0.060225221629976226
80,-0.06428336090930786,0.46286942557297434,0.04999813752189469,0.3092608395691503,-0.05922549022808454,-0.14216152203428875,0.00030497867950812904,-0.03432962682831877,0.41562952991955343,0.001711867106942866,0.060225221629976226
81,-0.06428336090930786,0.46286942557297434,0.04999813752189469,0.3092608395691503,-0.05922549022808454,-0.14216152203428875,0.00030497867950812904,-0.03432962682831877,0.41562952991955343,0.001711867106942866,0.060225221629976226
82,-0.06428336090930786,0.46286942557297434,0.04999813752189469,0.3092608395691503,-0.05922549022808454,-0.14216152203428875,0.00030497867950812904,-0.03432962682831877,0.41562952991955343,0.001711867106942866,0.060225221629976226
83,-0.06428336090930786,0.46286942557297434,0.04999813752189469,0.3092608395691503,-0.05922549022808454,-0.14216152203428875,0.00030497867950812904,-0.03432962682831877,0.41562952991955343,0.001711867106942866,0.060225221629976226
84,-0.06428336090930786,0.46286942557297434,0.04999813752189469,0.3092608395691503,-0.05922549022808454,-0.14216152203428875,0.00030497867950812904,-0.03432962682831877,0.41562952991955343,0.001711867106942866,0.060225221629976226
85,-0.06428336090930786,0.46286942557297434,0.04999813752189469,0.3092608395691503,-0.05922549022808454,-0.14216152203428875,0.00030497867950812904,-0.03432962682831877,0.41562952991955343,0.001711867106942866,0.060225221629976226
86,-0.06428336090930786,0.46286942557297434,0.04999813752189469,0.3092608395691503,-0.05922549022808454,-0.14216152203428875,0.00030497867950812904,-0.03432962682831877,0.41562952991955343,0.001711867106942866,0.060225221629976226
87,-0.06428336090930786,0.46286942557297434,0.04999813752189469,0.3092608395691503,-0.05922549022808454,-0.14216152203428875,0.00030497867950812904,-0.03432962682831877,0.41562952991955343,0.001711867106942866,0.060225221629976226
88,-0.06428336090930786,0.46286942557297434,0.04999813752189469,0.3092608395691503,-0.05922549022808454,-0.14216152203428875,0.00030497867950812904,-0.03432962682831877,0.41562952991955343,0.001711867106942866,0.060225221629976226
89,-0.06428336090930786,0.46286942557297434,0.04999813752189469,0.3092608395691503,-0.05922549022808454,-0.14216152203428875,0.00030497867950812904,-0.03432962682831877,0.41562952991955343,0.001711867106942866,0.060225221629976226
90,0.20180233053244412,0.28858564403321474,-0.20120669414249062,0.22138593785628488,0.051618114830938144,0.10178676941268498,0.14214279447154854,0.16762762591941074,0.12505078294347402,-0.029329721959352816,-0.06946358389815654
91,0.20180233053244412,0.28858564403321474,-0.20120669414249062,0.22138593785628488,0.051618114830938144,0.10178676941268498,0.14214279447154854,0.16762762591941074,0.12505078294347402,-0.029329721959352816,-0.06946358389815654
92,0.20180233053244412,0.28858564403321474,-0.20120669414249062,0.22138593785628488,0.051618114830938144,0.10178676941268498,0.14214279447154854,0.16762762591941074,0.12505078294347402,-0.029329721959352816,-0.06946358389815654
93,0.20180233053244412,0.28858564403321474,-0.20120669414249062,0.22138593785628488,0.051618114830938144,0.10178676941268498,0.14214279447154854,0.16762762591941074,0.12505078294347402,-0.029329721959352816,-0.06946358389815654
94,0.20180233053244412,0.28858564403321474,-0.20120669414249062,0.22138593785628488,0.051618114830938144,0.10178676941268498,0.14214279447154854,0.16762762591941074,0.12505078294347402,-0.029329721959352816,-0.06946358389815654
95,0.20180233053244412,0.28858564403321474,-0.20120669414249062,0.22138593785628488,0.051618114830938144,0.10178676941268498,0.14214279447154854,0.16762762591941074,0.12505078294347402,-0.029329721959352816,-0.06946358389815654
96,0.20180233053244412,0.28858564403321474,-0.20120669414249062,0.22138593785628488,0.051618114830938144,0.10178676941268498,0.14214279447154854,0.16762762591941074,0.12505078294347402,-0.029329721959352816,-0.06946358389815654
97,0.20180233053244412,0.28858564403321474,-0.20120669414249062,0.22138593785628488,0.051618114830938144,0.10178676941268498,0.14214279447154854,0.16762762591941074,0.12505078294347402,-0.029329721959352816,-0.06946358389815654
98,0.20180233053244412,0.28858564403321474,-0.20120669414249062,0.22138593785628488,0.051618114830938144,0.10178676941268498,0.14214279447154854,0.16762762591941074,0.12505078294347402,-0.029329721959352816,-0.06946358389815654
99,0.20180233053244412,0.28858564403321474,-0.20120669414249062,0.22138593785628488,0.051618114830938144,0.10178676941268498,0.14214279447154854,0.16762762591941074,0.12505078294347402,-0.029329721959352816,-0.06946358389815654
100,0.20180233053244412,0.28858564403321474,-0.20120669414249062,0.22138593785628488,0.051618114830938144,0.10178676941268498,0.14214279447154854,0.16762762591941074,0.12505078294347402,-0.029329721959352816,-0.06946358389815654
101,0.20180233053244412,0.28858564403321474,-0.20120669414249062,0.22138593785628488,0.051618114830938144,0.10178676941268498,0.14214279447154854,0.16762762591941074,0.12505078294347402,-0.029329721959352816,-0.06946358389815654
102,0.20180233053244412,0.28858564403321474,-0.20120669414249062,0.22138593785628488,0.051618114830938144,0.10178676941268498,0.14214279447154854,0.16762762591941074,0.12505078294347402,-0.029329721959352816,-0.06946358389815654
103,0.20180233053244412,0.28858564403321474,-0.20120669414249062,0.22138593785628488,0.051618114830938144,0.10178676941268498,0.14214279447154854,0.16762762591941074,0.12505078294347402,-0.029329721959352816,-0.06946358389815654
104,0.20180233053244412,0.28858564403321474,-0.20120669414249062,0.22138593785628488,0.051618114830938144,0.10178676941268498,0.14214279447154854,0.16762762591941074,0.12505078294347402,-0.029329721959352816,-0.06946358389815654
105,0.20180233053244412,0.28858564403321474,-0.20120669414249062,0.22138593785628488,0.051618114830938144,0.10178676941268498,0.14214279447154854,0.16762762591941074,0.12505078294347402,-0.029329721959352816,-0.06946358389815654
106,0.20180233053244412,0.28858564403321474,-0.20120669414249062,0.22138593785628488,0.051618114830938144,0.10178676941268498,0.14214279447154854,0.16762762591941074,0.12505078294347402,-0.029329721959352816,-0.06946358389815654
107,0.20180233053244412,0.28858564403321474,-0.20120669414249062,0.22138593785628488,0.051618114830938144,0.10178676941268498,0.14214279447154854,0.16762762591941074,0.12505078294347402,-0.029329721959352816,-0.06946358389815654
108,0.20180233053244412,0.28858564403321474,-0.20120669414249062,0.22138593785628488,0.051618114830938144,0.10178676941268498,0.14214279447154854,0.16762762591941074,0.12505078294347402,-0.029329721959352816,-0.06946358389815654
109,0.20180233053244412,0.28858564403321474,-0.20120669414249062,0.22138593785628488,0.051618114830938144,0.10178676941268498,0.14214279447154854,0.16762762591941074,0.12505078294347402,-0.029329721959352816,-0.06946358389815654
110,0.20180233053244412,0.28858564403321474,-0.20120669414249062,0.22138593785628488,0.051618114830938144,0.10178676941268498,0.14214279447154854,0.16762762591941074,0.12505078294347402,-0.029329721959352816,-0.06946358389815654
111,0.20180233053244412,0.28858564403321474,-0.20120669414249062,0.22138593785628488,0.051618114830938144,0.10178676941268498,0.14214279447154854,0.16762762591941074,0.12505078294347402,-0.029329721959352816,-0.06946358389815654
112,0.20180233053244412,0.28858564403321474,-0.20120669414249062,0.22138593785628488,0.051618114830938144,0.10178676941268498,0.14214279447154854,0.16762762591941074,0.12505078294347402,-0.029329721959352816,-0.06946358389815654
113,0.20180233053244412,0.28858564403321474,-0.20120669414249062,0.22138593785628488,0.051618114830938144,0.10178676941268498,0.14214279447154854,0.16762762591941074,0.12505078294347402,-0.029329721959352816,-0.06946358389815654
114,0.20180233053244412,0.28858564403321474,-0.20120669414249062,0.22138593785628488,0.051618114830938144,0.10178676941268498,0.14214279447154854,0.16762762591941074,0.12505078294347402,-0.029329721959352816,-0.06946358389815654
115,0.20180233053244412,0.28858564403321474,-0.20120669414249062,0.22138593785628488,0.051618114830938144,0.10178676941268498,0.14214279447154854,0.16762762591941074,0.12505078294347402,-0.029329721959352816,-0.06946358389815654
116,0.20180233053244412,0.28858564403321474,-0.20120669414249062,0.22138593785628488,0.051618114830938144,0.10178676941268498,0.14214279447154854,0.16762762591941074,0.12505078294347402,-0.029329721959352816,-0.06946358389815654
117,0.20180233053244412,0.28858564403321474,-0.20120669414249062,0.22138593785628488,0.051618114830938144,0.10178676941268498,0.14214279447154854,0.16762762591941074,0.12505078294347402,-0.029329721959352816,-0.06946358389815654
118,0.20180233053244412,0.28858564403321474,-0.20120669414249062,0.22138593785628488,0.051618114830938144,0.10178676941268498,0.14214279447154854,0.16762762591941074,0.12505078294347402,-0.029329721959352816,-0.06946358389815654
119,0.20180233053244412,0.28858564403321474,-0.20120669414249062,0.22138593785628488,0.051618114830938144,0.10178676941268498,0.14214279447154854,0.16762762591941074,0.12505078294347402,-0.029329721959352816,-0.06946358389815654
120,0.09293438398510519,0.021896052926456064,-0.1389000165511654,0.025839322369846315,0.03840184503759853,0.04890588864879568,0.038363020062336176,0.026574182845965036,0.028611210278223508,-0.07553082732766603,0.892904937724505
121,0.09293438398510519,0.021896052926456064,-0.1389000165511654,0.025839322369846315,0.03840184503759853,0.04890588864879568,0.038363020062336176,0.026574182845965036,0.028611210278223508,-0.07553082732766603,0.892904937724505
122,0.09293438398510519,0.021896052926456064,-0.1389000165511654,0.025839322369846315,0.03840184503759853,0.04890588864879568,0.038363020062336176,0.026574182845965036,0.028611210278223508,-0.07553082732766603,0.892904937724505
123,0.09293438398510519,0.021896052926456064,-0.1389000165511654,0.025839322369846315,0.03840184503759853,0.04890588864879568,0.038363020062336176,0.026574182845965036,0.028611210278223508,-0.07553082732766603,0.892904937724505
124,0.09293438398510519,0.021896052926456064,-0.1389000165511654,0.025839322369846315,0.03840184503759853,0.04890588864879568,0.038363020062336176,0.026574182845965036,0.028611210278223508,-0.07553082732766603,0.892904937724505
125,0.09293438398510519,0.021896052926456064,-0.1389000165511654,0.025839322369846315,0.03840184503759853,0.04890588864879568,0.038363020062336176,0.026574182845965036,0.028611210278223508,-0.07553082732766603,0.892904937724505
126,0.09293438398510519,0.021896052926456064,-0.1389000165511654,0.025839322369846315,0.03840184503759853,0.04890588864879568,0.038363020062336176,0.026574182845965036,0.028611210278223508,-0.07553082732766603,0.892904937724505
127,0.09293438398510519,0.021896052926456064,-0.1389000165511654,0.025839322369846315,0.03840184503759853,0.04890588864879568,0.038363020062336176,0.026574182845965036,0.028611210278223508,-0.07553082732766603,0.892904937724505
128,0.09293438398510519,0.021896052926456064,-0.1389000165511654,0.025839322369846315,0.03840184503759853,0.04890588864879568,0.038363020062336176,0.026574182845965036,0.028611210278223508,-0.07553082732766603,0.892904937724505
129,0.09293438398510519,0.021896052926456064,-0.1389000165511654,0.025839322369846315,0.03840184503759853,0.04890588864879568,0.038363020062336176,0.026574182845965036,0.028611210278223508,-0.07553082732766603,0.892904937724505
130,0.09293438398510519,0.021896052926456064,-0.1389000165511654,0.025839322369846315,0.03840184503759853,0.04890588864879568,0.038363020062336176,0.026574182845965036,0.028611210278223508,-0.07553082732766603,0.892904937724505
131,0.09293438398510519,0.021896052926456064,-0.1389000165511654,0.025839322369846315,0.03840184503759853,0.04890588864879568,0.038363020062336176,0.026574182845965036,0.028611210278223508,-0.07553082732766603,0.892904937724505
132,0.09293438398510519,0.021896052926456064,-0.1389000165511654,0.025839322369846315,0.03840184503759853,0.04890588864879568,0.038363020062336176,0.026574182845965036,0.028611210278223508,-0.07553082732766603,0.892904937724505
133,0.09293438398510519,0.021896052926456064,-0.1389000165511654,0.025839322369846315,0.03840184503759853,0.04890588864879568,0.038363020062336176,0.026574182845965036,0.028611210278223508,-0.07553082732766603,0.892904937724505
134,0.09293438398510519,0.021896052926456064,-0.1389000165511654,0.025839322369846315,0.03840184503759853,0.04890588864879568,0.038363020062336176,0.026574182845965036,0.028611210278223508,-0.07553082732766603,0.892904937724505
135,0.09293438398510519,0.021896052926456064,-0.1389000165511654,0.025839322369846315,0.03840184503759853,0.04890588864879568,0.038363020062336176,0.026574182845965036,0.028611210278223508,-0.07553082732766603,0.892904937724505
136,0.09293438398510519,0.021896052926456064,-0.1389000165511654,0.025839322369846315,0.03840184503759853,0.04890588864879568,0.038363020062336176,0.026574182845965036,0.028611210278223508,-0.07553082732766603,0.892904937724505
137,0.09293438398510519,0.021896052926456064,-0.1389000165511654,0.025839322369846315,0.03840184503759853,0.04890588864879568,0.038363020062336176,0.026574182845965036,0.028611210278223508,-0.07553082732766603,0.892904937724505
138,0.09293438398510519,0.021896052926456064,-0.1389000165511654,0.025839322369846315,0.03840184503759853,0.04890588864879568,0.038363020062336176,0.026574182845965036,0.028611210278223508,-0.07553082732766603,0.892904937724505
139,0.09293438398510519,0.021896052926456064,-0.1389000165511654,0.025839322369846315,0.03840184503759853,0.04890588864879568,0.038363020062336176,0.026574182845965036,0.028611210278223508,-0.07553082732766603,0.892904937724505
140,0.09293438398510519,0.021896052926456064,-0.1389000165511654,0.025839322369846315,0.03840184503759853,0.04890588864879568,0.038363020062336176,0.026574182845965036,0.028611210278223508,-0.07553082732766603,0.892904937724505
141,0.09293438398510519,0.021896052926456064,-0.1389000165511654,0.025839322369846315,0.03840184503759853,0.04890588864879568,0.038363020062336176,0.026574182845965036,0.028611210278223508,-0.07553082732766603,0.892904937724505
142,0.09293438398510519,0.021896052926456064,-0.1389000165511654,0.025839322369846315,0.03840184503759853,0.04890588864879568,0.038363020062336176,0.026574182845965036,0.028611210278223508,-0.07553082732766603,0.892904937724505
143,0.09293438398510519,0.021896052926456064,-0.1389000165511654,0.025839322369846315,0.03840184503759853,0.04890588864879568,0.038363020062336176,0.026574182845965036,0.028611210278223508,-0.07553082732766603,0.892904937724505
144,0.09293438398510519,0.021896052926456064,-0.1389000165511654,0.025839322369846315,0.03840184503759853,0.04890588864879568,0.038363020062336176,0.026574182845965036,0.028611210278223508,-0.07553082732766603,0.892904937724505
145,0.09293438398510519,0.021896052926456064,-0.1389000165511654,0.025839322369846315,0.03840184503759853,0.04890588864879568,0.038363020062336176,0.026574182845965036,0.028611210278223508,-0.07553082732766603,0.892904937724505
146,0.09293438398510519,0.021896052926456064,-0.1389000165511654,0.025839322369846315,0.03840184503759853,0.04890588864879568,0.038363020062336176,0.026574182845965036,0.028611210278223508,-0.07553082732766603,0.892904937724505
147,0.09293438398510519,0.021896052926456064,-0.1389000165511654,0.025839322369846315,0.03840184503759853,0.04890588864879568,0.038363020062336176,0.026574182845965036,0.028611210278223508,-0.07553082732766603,0.892904937724505
148,0.09293438398510519,0.021896052926456064,-0.1389000165511654,0.025839322369846315,0.03840184503759853,0.04890588864879568,0.038363020062336176,0.026574182845965036,0.028611210278223508,-0.07553082732766603,0.892904937724505
149,0.09293438398510519,0.021896052926456064,-0.1389000165511654,0.025839322369846315,0.03840184503759853,0.04890588864879568,0.038363020062336176,0.026574182845965036,0.028611210278223508,-0.07553082732766603,0.892904937724505
150,0.09293438398510519,0.021896052926456064,-0.1389000165511654,0.025839322369846315,0.03840184503759853,0.04890588864879568,0.038363020062336176,0.026574182845965036,0.028611210278223508,-0.07553082732766603,0.892904937724505
151,0.039377035928657426,0.12020629599561894,0.0795489605712817,0.06671027628922027,0.056707370199283916,0.05317450428880689,0.10672009804872166,0.04477727595668289,0.046534018493639716,0.06182171206863469,0.3244224521594519
152,0.039377035928657426,0.12020629599561894,0.0795489605712817,0.06671027628922027,0.056707370199283916,0.05317450428880689,0.10672009804872166,0.04477727595668289,0.046534018493639716,0.06182171206863469,0.3244224521594519
153,0.039377035928657426,0.12020629599561894,0.0795489605712817,0.06671027628922027,0.056707370199283916,0.05317450428880689,0.10672009804872166,0.04477727595668289,0.046534018493639716,0.06182171206863469,0.3244224521594519
154,0.039377035928657426,0.12020629599561894,0.0795489605712817,0.06671027628922027,0.056707370199283916,0.05317450428880689,0.10672009804872166,0.04477727595668289,0.046534018493639716,0.06182171206863469,0.3244224521594519
155,0.039377035928657426,0.12020629599561894,0.0795489605712817,0.06671027628922027,0.056707370199283916,0.05317450428880689,0.10672009804872166,0.04477727595668289,0.046534018493639716,0.06182171206863469,0.3244224521594519
156,0.039377035928657426,0.12020629599561894,0.0795489605712817,0.06671027628922027,0.056707370199283916,0.05317450428880689,0.10672009804872166,0.04477727595668289,0.046534018493639716,0.06182171206863469,0.3244224521594519
157,0.039377035928657426,0.12020629599561894,0.0795489605712817,0.06671027628922027,0.056707370199283916,0.05317450428880689,0.10672009804872166,0.04477727595668289,0.046534018493639716,0.06182171206863469,0.3244224521594519
158,0.039377035928657426,0.12020629599561894,0.0795489605712817,0.06671027628922027,0.056707370199283916,0.05317450428880689,0.10672009804872166,0.04477727595668289,0.046534018493639716,0.06182171206863469,0.3244224521594519
159,0.039377035928657426,0.12020629599561894,0.0795489605712817,0.06671027628922027,0.056707370199283916,0.05317450428880689,0.10672009804872166,0.04477727595668289,0.046534018493639716,0.06182171206863469,0.3244224521594519
160,0.039377035928657426,0.12020629599561894,0.0795489605712817,0.06671027628922027,0.056707370199283916,0.05317450428880689,0.10672009804872166,0.04477727595668289,0.046534018493639716,0.06182171206863469,0.3244224521594519
161,0.039377035928657426,0.12020629599561894,0.0795489605712817,0.06671027628922027,0.056707370199283916,0.05317450428880689,0.10672009804872166,0.04477727595668289,0.046534018493639716,0.06182171206863469,0.3244224521594519
162,0.039377035928657426,0.12020629599561894,0.0795489605712817,0.06671027628922027,0.056707370199283916,0.05317450428880689,0.10672009804872166,0.04477727595668289,0.046534018493639716,0.06182171206863469,0.3244224521594519
163,0.039377035928657426,0.12020629599561894,0.0795489605712817,0.06671027628922027,0.056707370199283916,0.05317450428880689,0.10672009804872166,0.04477727595668289,0.046534018493639716,0.06182171206863469,0.3244224521594519
164,0.039377035928657426,0.12020629599561894,0.0795489605712817,0.06671027628922027,0.056707370199283916,0.05317450428880689,0.10672009804872166,0.04477727595668289,0.046534018493639716,0.06182171206863469,0.3244224521594519
165,0.039377035928657426,0.12020629599561894,0.0795489605712817,0.06671027628922027,0.056707370199283916,0.05317450428880689,0.10672009804872166,0.04477727595668289,0.046534018493639716,0.06182171206863469,0.3244224521594519
166,0.039377035928657426,0.12020629599561894,0.0795489605712817,0.06671027628922027,0.056707370199283916,0.05317450428880689,0.10672009804872166,0.04477727595668289,0.046534018493639716,0.06182171206863469,0.3244224521594519
167,0.039377035928657426,0.12020629599561894,0.0795489605712817,0.06671027628922027,0.056707370199283916,0.05317450428880689,0.10672009804872166,0.04477727595668289,0.046534018493639716,0.06182171206863469,0.3244224521594519
168,0.039377035928657426,0.12020629599561894,0.0795489605712817,0.06671027628922027,0.056707370199283916,0.05317450428880689,0.10672009804872166,0.04477727595668289,0.046534018493639716,0.06182171206863469,0.3244224521594519
169,0.039377035928657426,0.12020629599561894,0.0795489605712817,0.06671027628922027,0.056707370199283916,0.05317450428880689,0.10672009804872166,0.04477727595668289,0.046534018493639716,0.06182171206863469,0.3244224521594519
170,0.039377035928657426,0.12020629599561894,0.0795489605712817,0.06671027628922027,0.056707370199283916,0.05317450428880689,0.10672009804872166,0.04477727595668289,0.046534018493639716,0.06182171206863469,0.3244224521594519
171,0.039377035928657426,0.12020629599561894,0.0795489605712817,0.06671027628922027,0.056707370199283916,0.05317450428880689,0.10672009804872166,0.04477727595668289,0.046534018493639716,0.06182171206863469,0.3244224521594519
172,0.039377035928657426,0.12020629599561894,0.0795489605712817,0.06671027628922027,0.056707370199283916,0.05317450428880689,0.10672009804872166,0.04477727595668289,0.046534018493639716,0.06182171206863469,0.3244224521594519
173,0.039377035928657426,0.12020629599561894,0.0795489605712817,0.06671027628922027,0.056707370199283916,0.05317450428880689,0.10672009804872166,0.04477727595668289,0.046534018493639716,0.06182171206863469,0.3244224521594519
174,0.039377035928657426,0.12020629599561894,0.0795489605712817,0.06671027628922027,0.056707370199283916,0.05317450428880689,0.10672009804872166,0.04477727595668289,0.046534018493639716,0.06182171206863469,0.3244224521594519
175,0.039377035928657426,0.12020629599561894,0.0795489605712817,0.06671027628922027,0.056707370199283916,0.05317450428880689,0.10672009804872166,0.04477727595668289,0.046534018493639716,0.06182171206863469,0.3244224521594519
176,0.039377035928657426,0.12020629599561894,0.0795489605712817,0.06671027628922027,0.056707370199283916,0.05317450428880689,0.10672009804872166,0.04477727595668289,0.046534018493639716,0.06182171206863469,0.3244224521594519
177,0.039377035928657426,0.12020629599561894,0.0795489605712817,0.06671027628922027,0.056707370199283916,0.05317450428880689,0.10672009804872166,0.04477727595668289,0.046534018493639716,0.06182171206863469,0.3244224521594519
178,0.039377035928657426,0.12020629599561894,0.0795489605712817,0.06671027628922027,0.056707370199283916,0.05317450428880689,0.10672009804872166,0.04477727595668289,0.046534018493639716,0.06182171206863469,0.3244224521594519
179,0.039377035928657426,0.12020629599561894,0.0795489605712817,0.06671027628922027,0.056707370199283916,0.05317450428880689,0.10672009804872166,0.04477727595668289,0.046534018493639716,0.06182171206863469,0.3244224521594519
180,0.039377035928657426,0.12020629599561894,0.0795489605712817,0.06671027628922027,0.056707370199283916,0.05317450428880689,0.10672009804872166,0.04477727595668289,0.046534018493639716,0.06182171206863469,0.3244224521594519
181,0.03491532334078335,0.030630210466839617,0.09022895038570435,0.33054636920397384,0.122225593615624,0.037762758026292594,0.048604983723827294,0.040213568601295324,0.20756869015884302,0.02161115428231416,0.035692398194502525
182,0.03491532334078335,0.030630210466839617,0.09022895038570435,0.33054636920397384,0.122225593615624,0.037762758026292594,0.048604983723827294,0.040213568601295324,0.20756869015884302,0.02161115428231416,0.035692398194502525
183,0.03491532334078335,0.030630210466839617,0.09022895038570435,0.33054636920397384,0.122225593615624,0.037762758026292594,0.048604983723827294,0.040213568601295324,0.20756869015884302,0.02161115428231416,0.035692398194502525
184,0.03491532334078335,0.030630210466839617,0.09022895038570435,0.33054636920397384,0.122225593615624,0.037762758026292594,0.048604983723827294,0.040213568601295324,0.20756869015884302,0.02161115428231416,0.035692398194502525
185,0.03491532334078335,0.030630210466839617,0.09022895038570435,0.33054636920397384,0.122225593615624,0.037762758026292594,0.048604983723827294,0.040213568601295324,0.20756869015884302,0.02161115428231416,0.035692398194502525
186,0.03491532334078335,0.030630210466839617,0.09022895038570435,0.33054636920397384,0.122225593615624,0.037762758026292594,0.048604983723827294,0.040213568601295324,0.20756869015884302,0.02161115428231416,0.035692398194502525
187,0.03491532334078335,0.030630210466839617,0.09022895038570435,0.33054636920397384,0.122225593615624,0.037762758026292594,0.048604983723827294,0.040213568601295324,0.20756869015884302,0.02161115428231416,0.035692398194502525
188,0.03491532334078335,0.030630210466839617,0.09022895038570435,0.33054636920397384,0.122225593615624,0.037762758026292594,0.048604983723827294,0.040213568601295324,0.20756869015884302,0.02161115428231416,0.035692398194502525
189,0.03491532334078335,0.030630210466839617,0.09022895038570435,0.33054636920397384,0.122225593615624,0.037762758026292594,0.048604983723827294,0.040213568601295324,0.20756869015884302,0.02161115428231416,0.035692398194502525
190,0.03491532334078335,0.030630210466839617,0.09022895038570435,0.33054636920397384,0.122225593615624,0.037762758026292594,0.048604983723827294,0.040213568601295324,0.20756869015884302,0.02161115428231416,0.035692398194502525
191,0.03491532334078335,0.030630210466839617,0.09022895038570435,0.33054636920397384,0.122225593615624,0.037762758026292594,0.048604983723827294,0.040213568601295324,0.20756869015884302,0.02161115428231416,0.035692398194502525
192,0.03491532334078335,0.030630210466839617,0.09022895038570435,0.33054636920397384,0.122225593615624,0.037762758026292594,0.048604983723827294,0.040213568601295324,0.20756869015884302,0.02161115428231416,0.035692398194502525
193,0.03491532334078335,0.030630210466839617,0.09022895038570435,0.33054636920397384,0.122225593615624,0.037762758026292594,0.048604983723827294,0.040213568601295324,0.20756869015884302,0.02161115428231416,0.035692398194502525
194,0.03491532334078335,0.030630210466839617,0.09022895038570435,0.33054636920397384,0.122225593615624,0.037762758026292594,0.048604983723827294,0.040213568601295324,0.20756869015884302,0.02161115428231416,0.035692398194502525
195,0.03491532334078335,0.030630210466839617,0.09022895038570435,0.33054636920397384,0.122225593615624,0.037762758026292594,0.048604983723827294,0.040213568601295324,0.20756869015884302,0.02161115428231416,0.035692398194502525
196,0.03491532334078335,0.030630210466839617,0.09022895038570435,0.33054636920397384,0.122225593615624,0.037762758026292594,0.048604983723827294,0.040213568601295324,0.20756869015884302,0.02161115428231416,0.035692398194502525
197,0.03491532334078335,0.030630210466839617,0.09022895038570435,0.33054636920397384,0.122225593615624,0.037762758026292594,0.048604983723827294,0.040213568601295324,0.20756869015884302,0.02161115428231416,0.035692398194502525
198,0.03491532334078335,0.030630210466839617,0.09022895038570435,0.33054636920397384,0.122225593615624,0.037762758026292594,0.048604983723827294,0.040213568601295324,0.20756869015884302,0.02161115428231416,0.035692398194502525
199,0.03491532334078335,0.030630210466839617,0.09022895038570435,0.33054636920397384,0.122225593615624,0.037762758026292594,0.048604983723827294,0.040213568601295324,0.20756869015884302,0.02161115428231416,0.035692398194502525
200,0.03491532334078335,0.030630210466839617,0.09022895038570435,0.33054636920397384,0.122225593615624,0.037762758026292594,0.048604983723827294,0.040213568601295324,0.20756869015884302,0.02161115428231416,0.035692398194502525
201,0.03491532334078335,0.030630210466839617,0.09022895038570435,0.33054636920397384,0.122225593615624,0.037762758026292594,0.048604983723827294,0.040213568601295324,0.20756869015884302,0.02161115428231416,0.035692398194502525
202,0.03491532334078335,0.030630210466839617,0.09022895038570435,0.33054636920397384,0.122225593615624,0.037762758026292594,0.048604983723827294,0.040213568601295324,0.20756869015884302,0.02161115428231416,0.035692398194502525
203,0.03491532334078335,0.030630210466839617,0.09022895038570435,0.33054636920397384,0.122225593615624,0.037762758026292594,0.048604983723827294,0.040213568601295324,0.20756869015884302,0.02161115428231416,0.035692398194502525
204,0.03491532334078335,0.030630210466839617,0.09022895038570435,0.33054636920397384,0.122225593615624,0.037762758026292594,0.048604983723827294,0.040213568601295324,0.20756869015884302,0.02161115428231416,0.035692398194502525
205,0.03491532334078335,0.030630210466839617,0.09022895038570435,0.33054636920397384,0.122225593615624,0.037762758026292594,0.048604983723827294,0.040213568601295324,0.20756869015884302,0.02161115428231416,0.035692398194502525
206,0.03491532334078335,0.030630210466839617,0.09022895038570435,0.33054636920397384,0.122225593615624,0.037762758026292594,0.048604983723827294,0.040213568601295324,0.20756869015884302,0.02161115428231416,0.035692398194502525
207,0.03491532334078335,0.030630210466839617,0.09022895038570435,0.33054636920397384,0.122225593615624,0.037762758026292594,0.048604983723827294,0.040213568601295324,0.20756869015884302,0.02161115428231416,0.035692398194502525
208,0.03491532334078335,0.030630210466839617,0.09022895038570435,0.33054636920397384,0.122225593615624,0.037762758026292594,0.048604983723827294,0.040213568601295324,0.20756869015884302,0.02161115428231416,0.035692398194502525
209,0.03491532334078335,0.030630210466839617,0.09022895038570435,0.33054636920397384,0.122225593615624,0.037762758026292594,0.048604983723827294,0.040213568601295324,0.20756869015884302,0.02161115428231416,0.035692398194502525
210,0.03491532334078335,0.030630210466839617,0.09022895038570435,0.33054636920397384,0.122225593615624,0.037762758026292594,0.048604983723827294,0.040213568601295324,0.20756869015884302,0.02161115428231416,0.035692398194502525
211,0.03491532334078335,0.030630210466839617,0.09022895038570435,0.33054636920397384,0.122225593615624,0.037762758026292594,0.048604983723827294,0.040213568601295324,0.20756869015884302,0.02161115428231416,0.035692398194502525
212,0.028257965080698333,0.025773791619497374,0.6367455508642971,0.08731386866974686,0.038479356193876386,0.057837961241449014,0.042169591016397834,0.02532787630145649,0.055452060910620576,0.06593625089571091,-0.06329427279375079
213,0.028257965080698333,0.025773791619497374,0.6367455508642971,0.08731386866974686,0.038479356193876386,0.057837961241449014,0.042169591016397834,0.02532787630145649,0.055452060910620576,0.06593625089571091,-0.06329427279375079
214,0.028257965080698333,0.025773791619497374,0.6367455508642971,0.08731386866974686,0.038479356193876386,0.057837961241449014,0.042169591016397834,0.02532787630145649,0.055452060910620576,0.06593625089571091,-0.06329427279375079
215,0.028257965080698333,0.025773791619497374,0.6367455508642971,0.08731386866974686,0.038479356193876386,0.057837961241449014,0.042169591016397834,0.02532787630145649,0.055452060910620576,0.06593625089571091,-0.06329427279375079
216,0.028257965080698333,0.025773791619497374,0.6367455508642971,0.08731386866974686,0.038479356193876386,0.057837961241449014,0.042169591016397834,0.02532787630145649,0.055452060910620576,0.06593625089571091,-0.06329427279375079
217,0.028257965080698333,0.025773791619497374,0.6367455508642971,0.08731386866974686,0.038479356193876386,0.057837961241449014,0.042169591016397834,0.02532787630145649,0.055452060910620576,0.06593625089571091,-0.06329427279375079
218,0.028257965080698333,0.025773791619497374,0.6367455508642971,0.08731386866974686,0.038479356193876386,0.057837961241449014,0.042169591016397834,0.02532787630145649,0.055452060910620576,0.06593625089571091,-0.06329427279375079
219,0.028257965080698333,0.025773791619497374,0.6367455508642971,0.08731386866974686,0.038479356193876386,0.057837961241449014,0.042169591016397834,0.02532787630145649,0.055452060910620576,0.06593625089571091,-0.06329427279375079
220,0.028257965080698333,0.025773791619497374,0.6367455508642971,0.08731386866974686,0.038479356193876386,0.057837961241449014,0.042169591016397834,0.02532787630145649,0.055452060910620576,0.06593625089571091,-0.06329427279375079
221,0.028257965080698333,0.025773791619497374,0.6367455508642971,0.08731386866974686,0.038479356193876386,0.057837961241449014,0.042169591016397834,0.02532787630145649,0.055452060910620576,0.06593625089571091,-0.06329427279375079
222,0.028257965080698333,0.025773791619497374,0.6367455508642971,0.08731386866974686,0.038479356193876386,0.057837961241449014,0.042169591016397834,0.02532787630145649,0.055452060910620576,0.06593625089571091,-0.06329427279375079
223,0.028257965080698333,0.025773791619497374,0.6367455508642971,0.08731386866974686,0.038479356193876386,0.057837961241449014,0.042169591016397834,0.02532787630145649,0.055452060910620576,0.06593625089571091,-0.06329427279375079
224,0.028257965080698333,0.025773791619497374,0.6367455508642971,0.08731386866974686,0.038479356193876386,0.057837961241449014,0.042169591016397834,0.02532787630145649,0.055452060910620576,0.06593625089571091,-0.06329427279375079
225,0.028257965080698333,0.025773791619497374,0.6367455508642971,0.08731386866974686,0.038479356193876386,0.057837961241449014,0.042169591016397834,0.02532787630145649,0.055452060910620576,0.06593625089571091,-0.06329427279375079
226,0.028257965080698333,0.025773791619497374,0.6367455508642971,0.08731386866974686,0.038479356193876386,0.057837961241449014,0.042169591016397834,0.02532787630145649,0.055452060910620576,0.06593625089571091,-0.06329427279375079
227,0.028257965080698333,0.025773791619497374,0.6367455508642971,0.08731386866974686,0.038479356193876386,0.057837961241449014,0.042169591016397834,0.02532787630145649,0.055452060910620576,0.06593625089571091,-0.06329427279375079
228,0.028257965080698333,0.025773791619497374,0.6367455508642971,0.08731386866974686,0.038479356193876386,0.057837961241449014,0.042169591016397834,0.02532787630145649,0.055452060910620576,0.06593625089571091,-0.06329427279375079
229,0.028257965080698333,0.025773791619497374,0.6367455508642971,0.08731386866974686,0.038479356193876386,0.057837961241449014,0.042169591016397834,0.02532787630145649,0.055452060910620576,0.06593625089571091,-0.06329427279375079
230,0.028257965080698333,0.025773791619497374,0.6367455508642971,0.08731386866974686,0.038479356193876386,0.057837961241449014,0.042169591016397834,0.02532787630145649,0.055452060910620576,0.06593625089571091,-0.06329427279375079
231,0.028257965080698333,0.025773791619497374,0.6367455508642971,0.08731386866974686,0.038479356193876386,0.057837961241449014,0.042169591016397834,0.02532787630145649,0.055452060910620576,0.06593625089571091,-0.06329427279375079
232,0.028257965080698333,0.025773791619497374,0.6367455508642971,0.08731386866974686,0.038479356193876386,0.057837961241449014,0.042169591016397834,0.02532787630145649,0.055452060910620576,0.06593625089571091,-0.06329427279375079
233,0.028257965080698333,0.025773791619497374,0.6367455508642971,0.08731386866974686,0.038479356193876386,0.057837961241449014,0.042169591016397834,0.02532787630145649,0.055452060910620576,0.06593625089571091,-0.06329427279375079
234,0.028257965080698333,0.025773791619497374,0.6367455508642971,0.08731386866974686,0.038479356193876386,0.057837961241449014,0.042169591016397834,0.02532787630145649,0.055452060910620576,0.06593625089571091,-0.06329427279375079
235,0.028257965080698333,0.025773791619497374,0.6367455508642971,0.08731386866974686,0.038479356193876386,0.057837961241449014,0.042169591016397834,0.02532787630145649,0.055452060910620576,0.06593625089571091,-0.06329427279375079
236,0.028257965080698333,0.025773791619497374,0.6367455508642971,0.08731386866974686,0.038479356193876386,0.057837961241449014,0.042169591016397834,0.02532787630145649,0.055452060910620576,0.06593625089571091,-0.06329427279375079
237,0.028257965080698333,0.025773791619497374,0.6367455508642971,0.08731386866974686,0.038479356193876386,0.057837961241449014,0.042169591016397834,0.02532787630145649,0.055452060910620576,0.06593625089571091,-0.06329427279375079
238,0.028257965080698333,0.025773791619497374,0.6367455508642971,0.08731386866974686,0.038479356193876386,0.057837961241449014,0.042169591016397834,0.02532787630145649,0.055452060910620576,0.06593625089571091,-0.06329427279375079
239,0.028257965080698333,0.025773791619497374,0.6367455508642971,0.08731386866974686,0.038479356193876386,0.057837961241449014,0.042169591016397834,0.02532787630145649,0.055452060910620576,0.06593625089571091,-0.06329427279375079
240,0.028257965080698333,0.025773791619497374,0.6367455508642971,0.08731386866974686,0.038479356193876386,0.057837961241449014,0.042169591016397834,0.02532787630145649,0.055452060910620576,0.06593625089571091,-0.06329427279375079
241,0.028257965080698333,0.025773791619497374,0.6367455508642971,0.08731386866974686,0.038479356193876386,0.057837961241449014,0.042169591016397834,0.02532787630145649,0.055452060910620576,0.06593625089571091,-0.06329427279375079
242,0.028257965080698333,0.025773791619497374,0.6367455508642971,0.08731386866974686,0.038479356193876386,0.057837961241449014,0.042169591016397834,0.02532787630145649,0.055452060910620576,0.06593625089571091,-0.06329427279375079
243,-0.08168997125003674,-0.0823391622093953,-0.060890763767341254,0.28929560339066646,0.15261197005662291,0.08730513333614662,0.43877005712261574,0.037012288738802614,0.21810706704889762,0.07689788030624807,-0.07508010277322671
244,-0.08168997125003674,-0.0823391622093953,-0.060890763767341254,0.28929560339066646,0.15261197005662291,0.08730513333614662,0.43877005712261574,0.037012288738802614,0.21810706704889762,0.07689788030624807,-0.07508010277322671
245,-0.08168997125003674,-0.0823391622093953,-0.060890763767341254,0.28929560339066646,0.15261197005662291,0.08730513333614662,0.43877005712261574,0.037012288738802614,0.21810706704889762,0.07689788030624807,-0.07508010277322671
246,-0.08168997125003674,-0.0823391622093953,-0.060890763767341254,0.28929560339066646,0.15261197005662291,0.08730513333614662,0.43877005712261574,0.037012288738802614,0.21810706704889762,0.07689788030624807,-0.07508010277322671
247,-0.08168997125003674,-0.0823391622093953,-0.060890763767341254,0.28929560339066646,0.15261197005662291,0.08730513333614662,0.43877005712261574,0.037012288738802614,0.21810706704889762,0.07689788030624807,-0.07508010277322671
248,-0.08168997125003674,-0.0823391622093953,-0.060890763767341254,0.28929560339066646,0.15261197005662291,0.08730513333614662,0.43877005712261574,0.037012288738802614,0.21810706704889762,0.07689788030624807,-0.07508010277322671
249,-0.08168997125003674,-0.0823391622093953,-0.060890763767341254,0.28929560339066646,0.15261197005662291,0.08730513333614662,0.43877005712261574,0.037012288738802614,0.21810706704889762,0.07689788030624807,-0.07508010277322671
250,-0.08168997125003674,-0.0823391622093953,-0.060890763767341254,0.28929560339066646,0.15261197005662291,0.08730513333614662,0.43877005712261574,0.037012288738802614,0.21810706704889762,0.07689788030624807,-0.07508010277322671
251,-0.08168997125003674,-0.0823391622093953,-0.060890763767341254,0.28929560339066646,0.15261197005662291,0.08730513333614662,0.43877005712261574,0.037012288738802614,0.21810706704889762,0.07689788030624807,-0.07508010277322671
252,-0.08168997125003674,-0.0823391622093953,-0.060890763767341254,0.28929560339066646,0.15261197005662291,0.08730513333614662,0.43877005712261574,0.037012288738802614,0.21810706704889762,0.07689788030624807,-0.07508010277322671
253,-0.08168997125003674,-0.0823391622093953,-0.060890763767341254,0.28929560339066646,0.15261197005662291,0.08730513333614662,0.43877005712261574,0.037012288738802614,0.21810706704889762,0.07689788030624807,-0.07508010277322671
254,-0.08168997125003674,-0.0823391622093953,-0.060890763767341254,0.28929560339066646,0.15261197005662291,0.08730513333614662,0.43877005712261574,0.037012288738802614,0.21810706704889762,0.07689788030624807,-0.07508010277322671
255,-0.08168997125003674,-0.0823391622093953,-0.060890763767341254,0.28929560339066646,0.15261197005662291,0.08730513333614662,0.43877005712261574,0.037012288738802614,0.21810706704889762,0.07689788030624807,-0.07508010277322671
256,-0.08168997125003674,-0.0823391622093953,-0.060890763767341254,0.28929560339066646,0.15261197005662291,0.08730513333614662,0.43877005712261574,0.037012288738802614,0.21810706704889762,0.07689788030624807,-0.07508010277322671
257,-0.08168997125003674,-0.0823391622093953,-0.060890763767341254,0.28929560339066646,0.15261197005662291,0.08730513333614662,0.43877005712261574,0.037012288738802614,0.21810706704889762,0.07689788030624807,-0.07508010277322671
258,-0.08168997125003674,-0.0823391622093953,-0.060890763767341254,0.28929560339066646,0.15261197005662291,0.08730513333614662,0.43877005712261574,0.037012288738802614,0.21810706704889762,0.07689788030624807,-0.07508010277322671
259,-0.08168997125003674,-0.0823391622093953,-0.060890763767341254,0.28929560339066646,0.15261197005662291,0.08730513333614662,0.43877005712261574,0.037012288738802614,0.21810706704889762,0.07689788030624807,-0.07508010277322671
260,-0.08168997125003674,-0.0823391622093953,-0.060890763767341254,0.28929560339066646,0.15261197005662291,0.08730513333614662,0.43877005712261574,0.037012288738802614,0.21810706704889762,0.07689788030624807,-0.07508010277322671
261,-0.08168997125003674,-0.0823391622093953,-0.060890763767341254,0.28929560339066646,0.15261197005662291,0.08730513333614662,0.43877005712261574,0.037012288738802614,0.21810706704889762,0.07689788030624807,-0.07508010277322671
262,-0.08168997125003674,-0.0823391622093953,-0.060890763767341254,0.28929560339066646,0.15261197005662291,0.08730513333614662,0.43877005712261574,0.037012288738802614,0.21810706704889762,0.07689788030624807,-0.07508010277322671
263,-0.08168997125003674,-0.0823391622093953,-0.060890763767341254,0.28929560339066646,0.15261197005662291,0.08730513333614662,0.43877005712261574,0.037012288738802614,0.21810706704889762,0.07689788030624807,-0.07508010277322671
264,-0.08168997125003674,-0.0823391622093953,-0.060890763767341254,0.28929560339066646,0.15261197005662291,0.08730513333614662,0.43877005712261574,0.037012288738802614,0.21810706704889762,0.07689788030624807,-0.07508010277322671
265,-0.08168997125003674,-0.0823391622093953,-0.060890763767341254,0.28929560339066646,0.15261197005662291,0.08730513333614662,0.43877005712261574,0.037012288738802614,0.21810706704889762,0.07689788030624807,-0.07508010277322671
266,-0.08168997125003674,-0.0823391622093953,-0.060890763767341254,0.28929560339066646,0.15261197005662291,0.08730513333614662,0.43877005712261574,0.037012288738802614,0.21810706704889762,0.07689788030624807,-0.07508010277322671
267,-0.08168997125003674,-0.0823391622093953,-0.060890763767341254,0.28929560339066646,0.15261197005662291,0.08730513333614662,0.43877005712261574,0.037012288738802614,0.21810706704889762,0.07689788030624807,-0.07508010277322671
268,-0.08168997125003674,-0.0823391622093953,-0.060890763767341254,0.28929560339066646,0.15261197005662291,0.08730513333614662,0.43877005712261574,0.037012288738802614,0.21810706704889762,0.07689788030624807,-0.07508010277322671
269,-0.08168997125003674,-0.0823391622093953,-0.060890763767341254,0.28929560339066646,0.15261197005662291,0.08730513333614662,0.43877005712261574,0.037012288738802614,0.21810706704889762,0.07689788030624807,-0.07508010277322671
270,-0.08168997125003674,-0.0823391622093953,-0.060890763767341254,0.28929560339066646,0.15261197005662291,0.08730513333614662,0.43877005712261574,0.037012288738802614,0.21810706704889762,0.07689788030624807,-0.07508010277322671
271,-0.08168997125003674,-0.0823391622093953,-0.060890763767341254,0.28929560339066646,0.15261197005662291,0.08730513333614662,0.43877005712261574,0.037012288738802614,0.21810706704889762,0.07689788030624807,-0.07508010277322671
272,-0.08168997125003674,-0.0823391622093953,-0.060890763767341254,0.28929560339066646,0.15261197005662291,0.08730513333614662,0.43877005712261574,0.037012288738802614,0.21810706704889762,0.07689788030624807,-0.07508010277322671
273,0.1645857395582869,0.08469269460562089,0.14184912968814398,0.1046479174018961,0.16031622553551092,0.1371042528261028,0.11580601465283555,0.23119116078986893,0.08326019089684279,-0.3,0.07654667404489121
274,0.1645857395582869,0.08469269460562089,0.14184912968814398,0.1046479174018961,0.16031622553551092,0.1371042528261028,0.11580601465283555,0.23119116078986893,0.08326019089684279,-0.3,0.07654667404489121
275,0.1645857395582869,0.08469269460562089,0.14184912968814398,0.1046479174018961,0.16031622553551092,0.1371042528261028,0.11580601465283555,0.23119116078986893,0.08326019089684279,-0.3,0.07654667404489121
276,0.1645857395582869,0.08469269460562089,0.14184912968814398,0.1046479174018961,0.16031622553551092,0.1371042528261028,0.11580601465283555,0.23119116078986893,0.08326019089684279,-0.3,0.07654667404489121
277,0.1645857395582869,0.08469269460562089,0.14184912968814398,0.1046479174018961,0.16031622553551092,0.1371042528261028,0.11580601465283555,0.23119116078986893,0.08326019089684279,-0.3,0.07654667404489121
278,0.1645857395582869,0.08469269460562089,0.14184912968814398,0.1046479174018961,0.16031622553551092,0.1371042528261028,0.11580601465283555,0.23119116078986893,0.08326019089684279,-0.3,0.07654667404489121
279,0.1645857395582869,0.08469269460562089,0.14184912968814398,0.1046479174018961,0.16031622553551092,0.1371042528261028,0.11580601465283555,0.23119116078986893,0.08326019089684279,-0.3,0.07654667404489121
280,0.1645857395582869,0.08469269460562089,0.14184912968814398,0.1046479174018961,0.16031622553551092,0.1371042528261028,0.11580601465283555,0.23119116078986893,0.08326019089684279,-0.3,0.07654667404489121
281,0.1645857395582869,0.08469269460562089,0.14184912968814398,0.1046479174018961,0.16031622553551092,0.1371042528261028,0.11580601465283555,0.23119116078986893,0.08326019089684279,-0.3,0.07654667404489121
282,0.1645857395582869,0.08469269460562089,0.14184912968814398,0.1046479174018961,0.16031622553551092,0.1371042528261028,0.11580601465283555,0.23119116078986893,0.08326019089684279,-0.3,0.07654667404489121
283,0.1645857395582869,0.08469269460562089,0.14184912968814398,0.1046479174018961,0.16031622553551092,0.1371042528261028,0.11580601465283555,0.23119116078986893,0.08326019089684279,-0.3,0.07654667404489121
284,0.1645857395582869,0.08469269460562089,0.14184912968814398,0.1046479174018961,0.16031622553551092,0.1371042528261028,0.11580601465283555,0.23119116078986893,0.08326019089684279,-0.3,0.07654667404489121
285,0.1645857395582869,0.08469269460562089,0.14184912968814398,0.1046479174018961,0.16031622553551092,0.1371042528261028,0.11580601465283555,0.23119116078986893,0.08326019089684279,-0.3,0.07654667404489121
286,0.1645857395582869,0.08469269460562089,0.14184912968814398,0.1046479174018961,0.16031622553551092,0.1371042528261028,0.11580601465283555,0.23119116078986893,0.08326019089684279,-0.3,0.07654667404489121
287,0.1645857395582869,0.08469269460562089,0.14184912968814398,0.1046479174018961,0.16031622553551092,0.1371042528261028,0.11580601465283555,0.23119116078986893,0.08326019089684279,-0.3,0.07654667404489121
288,0.1645857395582869,0.08469269460562089,0.14184912968814398,0.1046479174018961,0.16031622553551092,0.1371042528261028,0.11580601465283555,0.23119116078986893,0.08326019089684279,-0.3,0.07654667404489121
289,0.1645857395582869,0.08469269460562089,0.14184912968814398,0.1046479174018961,0.16031622553551092,0.1371042528261028,0.11580601465283555,0.23119116078986893,0.08326019089684279,-0.3,0.07654667404489121
290,0.1645857395582869,0.08469269460562089,0.14184912968814398,0.1046479174018961,0.16031622553551092,0.1371042528261028,0.11580601465283555,0.23119116078986893,0.08326019089684279,-0.3,0.07654667404489121
291,0.1645857395582869,0.08469269460562089,0.14184912968814398,0.1046479174018961,0.16031622553551092,0.1371042528261028,0.11580601465283555,0.23119116078986893,0.08326019089684279,-0.3,0.07654667404489121
292,0.1645857395582869,0.08469269460562089,0.14184912968814398,0.1046479174018961,0.16031622553551092,0.1371042528261028,0.11580601465283555,0.23119116078986893,0.08326019089684279,-0.3,0.07654667404489121
293,0.1645857395582869,0.08469269460562089,0.14184912968814398,0.1046479174018961,0.16031622553551092,0.1371042528261028,0.11580601465283555,0.23119116078986893,0.08326019089684279,-0.3,0.07654667404489121
294,0.1645857395582869,0.08469269460562089,0.14184912968814398,0.1046479174018961,0.16031622553551092,0.1371042528261028,0.11580601465283555,0.23119116078986893,0.08326019089684279,-0.3,0.07654667404489121
295,0.1645857395582869,0.08469269460562089,0.14184912968814398,0.1046479174018961,0.16031622553551092,0.1371042528261028,0.11580601465283555,0.23119116078986893,0.08326019089684279,-0.3,0.07654667404489121
296,0.1645857395582869,0.08469269460562089,0.14184912968814398,0.1046479174018961,0.16031622553551092,0.1371042528261028,0.11580601465283555,0.23119116078986893,0.08326019089684279,-0.3,0.07654667404489121
297,0.1645857395582869,0.08469269460562089,0.14184912968814398,0.1046479174018961,0.16031622553551092,0.1371042528261028,0.11580601465283555,0.23119116078986893,0.08326019089684279,-0.3,0.07654667404489121
298,0.1645857395582869,0.08469269460562089,0.14184912968814398,0.1046479174018961,0.16031622553551092,0.1371042528261028,0.11580601465283555,0.23119116078986893,0.08326019089684279,-0.3,0.07654667404489121
299,0.1645857395582869,0.08469269460562089,0.14184912968814398,0.1046479174018961,0.16031622553551092,0.1371042528261028,0.11580601465283555,0.23119116078986893,0.08326019089684279,-0.3,0.07654667404489121
300,0.1645857395582869,0.08469269460562089,0.14184912968814398,0.1046479174018961,0.16031622553551092,0.1371042528261028,0.11580601465283555,0.23119116078986893,0.08326019089684279,-0.3,0.07654667404489121
301,0.1645857395582869,0.08469269460562089,0.14184912968814398,0.1046479174018961,0.16031622553551092,0.1371042528261028,0.11580601465283555,0.23119116078986893,0.08326019089684279,-0.3,0.07654667404489121
302,0.1645857395582869,0.08469269460562089,0.14184912968814398,0.1046479174018961,0.16031622553551092,0.1371042528261028,0.11580601465283555,0.23119116078986893,0.08326019089684279,-0.3,0.07654667404489121
303,0.1645857395582869,0.08469269460562089,0.14184912968814398,0.1046479174018961,0.16031622553551092,0.1371042528261028,0.11580601465283555,0.23119116078986893,0.08326019089684279,-0.3,0.07654667404489121
304,0.06667397572814239,0.8273726584450186,-0.04100547687034911,0.14036307041404097,0.013243055506010753,-0.04579811432134939,-0.05850952364793845,0.015101762149911635,0.030086285609560063,0.010273239352056639,0.042199067634895976
305,0.06667397572814239,0.8273726584450186,-0.04100547687034911,0.14036307041404097,0.013243055506010753,-0.04579811432134939,-0.05850952364793845,0.015101762149911635,0.030086285609560063,0.010273239352056639,0.042199067634895976
306,0.06667397572814239,0.8273726584450186,-0.04100547687034911,0.14036307041404097,0.013243055506010753,-0.04579811432134939,-0.05850952364793845,0.015101762149911635,0.030086285609560063,0.010273239352056639,0.042199067634895976
307,0.06667397572814239,0.8273726584450186,-0.04100547687034911,0.14036307041404097,0.013243055506010753,-0.04579811432134939,-0.05850952364793845,0.015101762149911635,0.030086285609560063,0.010273239352056639,0.042199067634895976
308,0.06667397572814239,0.8273726584450186,-0.04100547687034911,0.14036307041404097,0.013243055506010753,-0.04579811432134939,-0.05850952364793845,0.015101762149911635,0.030086285609560063,0.010273239352056639,0.042199067634895976
309,0.06667397572814239,0.8273726584450186,-0.04100547687034911,0.14036307041404097,0.013243055506010753,-0.04579811432134939,-0.05850952364793845,0.015101762149911635,0.030086285609560063,0.010273239352056639,0.042199067634895976
310,0.06667397572814239,0.8273726584450186,-0.04100547687034911,0.14036307041404097,0.013243055506010753,-0.04579811432134939,-0.05850952364793845,0.015101762149911635,0.030086285609560063,0.010273239352056639,0.042199067634895976
311,0.06667397572814239,0.8273726584450186,-0.04100547687034911,0.14036307041404097,0.013243055506010753,-0.04579811432134939,-0.05850952364793845,0.015101762149911635,0.030086285609560063,0.010273239352056639,0.042199067634895976
312,0.06667397572814239,0.8273726584450186,-0.04100547687034911,0.14036307041404097,0.013243055506010753,-0.04579811432134939,-0.05850952364793845,0.015101762149911635,0.030086285609560063,0.010273239352056639,0.042199067634895976
313,0.06667397572814239,0.8273726584450186,-0.04100547687034911,0.14036307041404097,0.013243055506010753,-0.04579811432134939,-0.05850952364793845,0.015101762149911635,0.030086285609560063,0.010273239352056639,0.042199067634895976
314,0.06667397572814239,0.8273726584450186,-0.04100547687034911,0.14036307041404097,0.013243055506010753,-0.04579811432134939,-0.05850952364793845,0.015101762149911635,0.030086285609560063,0.010273239352056639,0.042199067634895976
315,0.06667397572814239,0.8273726584450186,-0.04100547687034911,0.14036307041404097,0.013243055506010753,-0.04579811432134939,-0.05850952364793845,0.015101762149911635,0.030086285609560063,0.010273239352056639,0.042199067634895976
316,0.06667397572814239,0.8273726584450186,-0.04100547687034911,0.14036307041404097,0.013243055506010753,-0.04579811432134939,-0.05850952364793845,0.015101762149911635,0.030086285609560063,0.010273239352056639,0.042199067634895976
317,0.06667397572814239,0.8273726584450186,-0.04100547687034911,0.14036307041404097,0.013243055506010753,-0.04579811432134939,-0.05850952364793845,0.015101762149911635,0.030086285609560063,0.010273239352056639,0.042199067634895976
318,0.06667397572814239,0.8273726584450186,-0.04100547687034911,0.14036307041404097,0.013243055506010753,-0.04579811432134939,-0.05850952364793845,0.015101762149911635,0.030086285609560063,0.010273239352056639,0.042199067634895976
319,0.06667397572814239,0.8273726584450186,-0.04100547687034911,0.14036307041404097,0.013243055506010753,-0.04579811432134939,-0.05850952364793845,0.015101762149911635,0.030086285609560063,0.010273239352056639,0.042199067634895976
320,0.06667397572814239,0.8273726584450186,-0.04100547687034911,0.14036307041404097,0.013243055506010753,-0.04579811432134939,-0.05850952364793845,0.015101762149911635,0.030086285609560063,0.010273239352056639,0.042199067634895976
321,0.06667397572814239,0.8273726584450186,-0.04100547687034911,0.14036307041404097,0.013243055506010753,-0.04579811432134939,-0.05850952364793845,0.015101762149911635,0.030086285609560063,0.010273239352056639,0.042199067634895976
322,0.06667397572814239,0.8273726584450186,-0.04100547687034911,0.14036307041404097,0.013243055506010753,-0.04579811432134939,-0.05850952364793845,0.015101762149911635,0.030086285609560063,0.010273239352056639,0.042199067634895976
323,0.06667397572814239,0.8273726584450186,-0.04100547687034911,0.14036307041404097,0.013243055506010753,-0.04579811432134939,-0.05850952364793845,0.015101762149911635,0.030086285609560063,0.010273239352056639,0.042199067634895976
324,0.06667397572814239,0.8273726584450186,-0.04100547687034911,0.14036307041404097,0.013243055506010753,-0.04579811432134939,-0.05850952364793845,0.015101762149911635,0.030086285609560063,0.010273239352056639,0.042199067634895976
325,0.06667397572814239,0.8273726584450186,-0.04100547687034911,0.14036307041404097,0.013243055506010753,-0.04579811432134939,-0.05850952364793845,0.015101762149911635,0.030086285609560063,0.010273239352056639,0.042199067634895976
326,0.06667397572814239,0.8273726584450186,-0.04100547687034911,0.14036307041404097,0.013243055506010753,-0.04579811432134939,-0.05850952364793845,0.015101762149911635,0.030086285609560063,0.010273239352056639,0.042199067634895976
327,0.06667397572814239,0.8273726584450186,-0.04100547687034911,0.14036307041404097,0.013243055506010753,-0.04579811432134939,-0.05850952364793845,0.015101762149911635,0.030086285609560063,0.010273239352056639,0.042199067634895976
328,0.06667397572814239,0.8273726584450186,-0.04100547687034911,0.14036307041404097,0.013243055506010753,-0.04579811432134939,-0.05850952364793845,0.015101762149911635,0.030086285609560063,0.010273239352056639,0.042199067634895976
329,0.06667397572814239,0.8273726584450186,-0.04100547687034911,0.14036307041404097,0.013243055506010753,-0.04579811432134939,-0.05850952364793845,0.015101762149911635,0.030086285609560063,0.010273239352056639,0.042199067634895976
330,0.06667397572814239,0.8273726584450186,-0.04100547687034911,0.14036307041404097,0.013243055506010753,-0.04579811432134939,-0.05850952364793845,0.015101762149911635,0.030086285609560063,0.010273239352056639,0.042199067634895976
331,0.06667397572814239,0.8273726584450186,-0.04100547687034911,0.14036307041404097,0.013243055506010753,-0.04579811432134939,-0.05850952364793845,0.015101762149911635,0.030086285609560063,0.010273239352056639,0.042199067634895976
332,0.06667397572814239,0.8273726584450186,-0.04100547687034911,0.14036307041404097,0.013243055506010753,-0.04579811432134939,-0.05850952364793845,0.015101762149911635,0.030086285609560063,0.010273239352056639,0.042199067634895976
333,0.06667397572814239,0.8273726584450186,-0.04100547687034911,0.14036307041404097,0.013243055506010753,-0.04579811432134939,-0.05850952364793845,0.015101762149911635,0.030086285609560063,0.010273239352056639,0.042199067634895976
334,0.08029414191790203,0.08646379095161698,0.05562061123920386,0.3061363259847919,0.1013233249513329,0.05344357352573565,0.05239375444996849,0.033494458398938026,0.3031211952271258,0.2277088233533843,-0.3
335,0.08029414191790203,0.08646379095161698,0.05562061123920386,0.3061363259847919,0.1013233249513329,0.05344357352573565,0.05239375444996849,0.033494458398938026,0.3031211952271258,0.2277088233533843,-0.3
336,0.08029414191790203,0.08646379095161698,0.05562061123920386,0.3061363259847919,0.1013233249513329,0.05344357352573565,0.05239375444996849,0.033494458398938026,0.3031211952271258,0.2277088233533843,-0.3
337,0.08029414191790203,0.08646379095161698,0.05562061123920386,0.3061363259847919,0.1013233249513329,0.05344357352573565,0.05239375444996849,0.033494458398938026,0.3031211952271258,0.2277088233533843,-0.3
338,0.08029414191790203,0.08646379095161698,0.05562061123920386,0.3061363259847919,0.1013233249513329,0.05344357352573565,0.05239375444996849,0.033494458398938026,0.3031211952271258,0.2277088233533843,-0.3
339,0.08029414191790203,0.08646379095161698,0.05562061123920386,0.3061363259847919,0.1013233249513329,0.05344357352573565,0.05239375444996849,0.033494458398938026,0.3031211952271258,0.2277088233533843,-0.3
340,0.08029414191790203,0.08646379095161698,0.05562061123920386,0.3061363259847919,0.1013233249513329,0.05344357352573565,0.05239375444996849,0.033494458398938026,0.3031211952271258,0.2277088233533843,-0.3
341,0.08029414191790203,0.08646379095161698,0.05562061123920386,0.3061363259847919,0.1013233249513329,0.05344357352573565,0.05239375444996849,0.033494458398938026,0.3031211952271258,0.2277088233533843,-0.3
342,0.08029414191790203,0.08646379095161698,0.05562061123920386,0.3061363259847919,0.1013233249513329,0.05344357352573565,0.05239375444996849,0.033494458398938026,0.3031211952271258,0.2277088233533843,-0.3
343,0.08029414191790203,0.08646379095161698,0.05562061123920386,0.3061363259847919,0.1013233249513329,0.05344357352573565,0.05239375444996849,0.033494458398938026,0.3031211952271258,0.2277088233533843,-0.3
344,0.08029414191790203,0.08646379095161698,0.05562061123920386,0.3061363259847919,0.1013233249513329,0.05344357352573565,0.05239375444996849,0.033494458398938026,0.3031211952271258,0.2277088233533843,-0.3
345,0.08029414191790203,0.08646379095161698,0.05562061123920386,0.3061363259847919,0.1013233249513329,0.05344357352573565,0.05239375444996849,0.033494458398938026,0.3031211952271258,0.2277088233533843,-0.3
346,0.08029414191790203,0.08646379095161698,0.05562061123920386,0.3061363259847919,0.1013233249513329,0.05344357352573565,0.05239375444996849,0.033494458398938026,0.3031211952271258,0.2277088233533843,-0.3
347,0.08029414191790203,0.08646379095161698,0.05562061123920386,0.3061363259847919,0.1013233249513329,0.05344357352573565,0.05239375444996849,0.033494458398938026,0.3031211952271258,0.2277088233533843,-0.3
348,0.08029414191790203,0.08646379095161698,0.05562061123920386,0.3061363259847919,0.1013233249513329,0.05344357352573565,0.05239375444996849,0.033494458398938026,0.3031211952271258,0.2277088233533843,-0.3
349,0.08029414191790203,0.08646379095161698,0.05562061123920386,0.3061363259847919,0.1013233249513329,0.05344357352573565,0.05239375444996849,0.033494458398938026,0.3031211952271258,0.2277088233533843,-0.3
350,0.08029414191790203,0.08646379095161698,0.05562061123920386,0.3061363259847919,0.1013233249513329,0.05344357352573565,0.05239375444996849,0.033494458398938026,0.3031211952271258,0.2277088233533843,-0.3
351,0.08029414191790203,0.08646379095161698,0.05562061123920386,0.3061363259847919,0.1013233249513329,0.05344357352573565,0.05239375444996849,0.033494458398938026,0.3031211952271258,0.2277088233533843,-0.3
352,0.08029414191790203,0.08646379095161698,0.05562061123920386,0.3061363259847919,0.1013233249513329,0.05344357352573565,0.05239375444996849,0.033494458398938026,0.3031211952271258,0.2277088233533843,-0.3
353,0.08029414191790203,0.08646379095161698,0.05562061123920386,0.3061363259847919,0.1013233249513329,0.05344357352573565,0.05239375444996849,0.033494458398938026,0.3031211952271258,0.2277088233533843,-0.3
354,0.08029414191790203,0.08646379095161698,0.05562061123920386,0.3061363259847919,0.1013233249513329,0.05344357352573565,0.05239375444996849,0.033494458398938026,0.3031211952271258,0.2277088233533843,-0.3
355,0.08029414191790203,0.08646379095161698,0.05562061123920386,0.3061363259847919,0.1013233249513329,0.05344357352573565,0.05239375444996849,0.033494458398938026,0.3031211952271258,0.2277088233533843,-0.3
356,0.08029414191790203,0.08646379095161698,0.05562061123920386,0.3061363259847919,0.1013233249513329,0.05344357352573565,0.05239375444996849,0.033494458398938026,0.3031211952271258,0.2277088233533843,-0.3
357,0.08029414191790203,0.08646379095161698,0.05562061123920386,0.3061363259847919,0.1013233249513329,0.05344357352573565,0.05239375444996849,0.033494458398938026,0.3031211952271258,0.2277088233533843,-0.3
358,0.08029414191790203,0.08646379095161698,0.05562061123920386,0.3061363259847919,0.1013233249513329,0.05344357352573565,0.05239375444996849,0.033494458398938026,0.3031211952271258,0.2277088233533843,-0.3
359,0.08029414191790203,0.08646379095161698,0.05562061123920386,0.3061363259847919,0.1013233249513329,0.05344357352573565,0.05239375444996849,0.033494458398938026,0.3031211952271258,0.2277088233533843,-0.3
360,0.08029414191790203,0.08646379095161698,0.05562061123920386,0.3061363259847919,0.1013233249513329,0.05344357352573565,0.05239375444996849,0.033494458398938026,0.3031211952271258,0.2277088233533843,-0.3
361,0.08029414191790203,0.08646379095161698,0.05562061123920386,0.3061363259847919,0.1013233249513329,0.05344357352573565,0.05239375444996849,0.033494458398938026,0.3031211952271258,0.2277088233533843,-0.3
362,0.08029414191790203,0.08646379095161698,0.05562061123920386,0.3061363259847919,0.1013233249513329,0.05344357352573565,0.05239375444996849,0.033494458398938026,0.3031211952271258,0.2277088233533843,-0.3
363,0.08029414191790203,0.08646379095161698,0.05562061123920386,0.3061363259847919,0.1013233249513329,0.05344357352573565,0.05239375444996849,0.033494458398938026,0.3031211952271258,0.2277088233533843,-0.3
364,0.08029414191790203,0.08646379095161698,0.05562061123920386,0.3061363259847919,0.1013233249513329,0.05344357352573565,0.05239375444996849,0.033494458398938026,0.3031211952271258,0.2277088233533843,-0.3
365,0.0284569713042781,0.02629415273740677,0.13838378248642397,0.027612468487811834,0.03379530036899054,0.05114794232214254,0.029327902965735102,0.02104090861061348,0.026109713412746094,0.052730706352581716,0.5651001509512699
366,0.0284569713042781,0.02629415273740677,0.13838378248642397,0.027612468487811834,0.03379530036899054,0.05114794232214254,0.029327902965735102,0.02104090861061348,0.026109713412746094,0.052730706352581716,0.5651001509512699
367,0.0284569713042781,0.02629415273740677,0.13838378248642397,0.027612468487811834,0.03379530036899054,0.05114794232214254,0.029327902965735102,0.02104090861061348,0.026109713412746094,0.052730706352581716,0.5651001509512699
368,0.0284569713042781,0.02629415273740677,0.13838378248642397,0.027612468487811834,0.03379530036899054,0.05114794232214254,0.029327902965735102,0.02104090861061348,0.026109713412746094,0.052730706352581716,0.5651001509512699
369,0.0284569713042781,0.02629415273740677,0.13838378248642397,0.027612468487811834,0.03379530036899054,0.05114794232214254,0.029327902965735102,0.02104090861061348,0.026109713412746094,0.052730706352581716,0.5651001509512699
370,0.0284569713042781,0.02629415273740677,0.13838378248642397,0.027612468487811834,0.03379530036899054,0.05114794232214254,0.029327902965735102,0.02104090861061348,0.026109713412746094,0.052730706352581716,0.5651001509512699
371,0.0284569713042781,0.02629415273740677,0.13838378248642397,0.027612468487811834,0.03379530036899054,0.05114794232214254,0.029327902965735102,0.02104090861061348,0.026109713412746094,0.052730706352581716,0.5651001509512699
372,0.0284569713042781,0.02629415273740677,0.13838378248642397,0.027612468487811834,0.03379530036899054,0.05114794232214254,0.029327902965735102,0.02104090861061348,0.026109713412746094,0.052730706352581716,0.5651001509512699
373,0.0284569713042781,0.02629415273740677,0.13838378248642397,0.027612468487811834,0.03379530036899054,0.05114794232214254,0.029327902965735102,0.02104090861061348,0.026109713412746094,0.052730706352581716,0.5651001509512699
374,0.0284569713042781,0.02629415273740677,0.13838378248642397,0.027612468487811834,0.03379530036899054,0.05114794232214254,0.029327902965735102,0.02104090861061348,0.026109713412746094,0.052730706352581716,0.5651001509512699
375,0.0284569713042781,0.02629415273740677,0.13838378248642397,0.027612468487811834,0.03379530036899054,0.05114794232214254,0.029327902965735102,0.02104090861061348,0.026109713412746094,0.052730706352581716,0.5651001509512699
376,0.0284569713042781,0.02629415273740677,0.13838378248642397,0.027612468487811834,0.03379530036899054,0.05114794232214254,0.029327902965735102,0.02104090861061348,0.026109713412746094,0.052730706352581716,0.5651001509512699
377,0.0284569713042781,0.02629415273740677,0.13838378248642397,0.027612468487811834,0.03379530036899054,0.05114794232214254,0.029327902965735102,0.02104090861061348,0.026109713412746094,0.052730706352581716,0.5651001509512699
378,0.0284569713042781,0.02629415273740677,0.13838378248642397,0.027612468487811834,0.03379530036899054,0.05114794232214254,0.029327902965735102,0.02104090861061348,0.026109713412746094,0.052730706352581716,0.5651001509512699
379,0.0284569713042781,0.02629415273740677,0.13838378248642397,0.027612468487811834,0.03379530036899054,0.05114794232214254,0.029327902965735102,0.02104090861061348,0.026109713412746094,0.052730706352581716,0.5651001509512699
380,0.0284569713042781,0.02629415273740677,0.13838378248642397,0.027612468487811834,0.03379530036899054,0.05114794232214254,0.029327902965735102,0.02104090861061348,0.026109713412746094,0.052730706352581716,0.5651001509512699
381,0.0284569713042781,0.02629415273740677,0.13838378248642397,0.027612468487811834,0.03379530036899054,0.05114794232214254,0.029327902965735102,0.02104090861061348,0.026109713412746094,0.052730706352581716,0.5651001509512699
382,0.0284569713042781,0.02629415273740677,0.13838378248642397,0.027612468487811834,0.03379530036899054,0.05114794232214254,0.029327902965735102,0.02104090861061348,0.026109713412746094,0.052730706352581716,0.5651001509512699
383,0.0284569713042781,0.02629415273740677,0.13838378248642397,0.027612468487811834,0.03379530036899054,0.05114794232214254,0.029327902965735102,0.02104090861061348,0.026109713412746094,0.052730706352581716,0.5651001509512699
384,0.0284569713042781,0.02629415273740677,0.13838378248642397,0.027612468487811834,0.03379530036899054,0.05114794232214254,0.029327902965735102,0.02104090861061348,0.026109713412746094,0.052730706352581716,0.5651001509512699
385,0.0284569713042781,0.02629415273740677,0.13838378248642397,0.027612468487811834,0.03379530036899054,0.05114794232214254,0.029327902965735102,0.02104090861061348,0.026109713412746094,0.052730706352581716,0.5651001509512699
386,0.0284569713042781,0.02629415273740677,0.13838378248642397,0.027612468487811834,0.03379530036899054,0.05114794232214254,0.029327902965735102,0.02104090861061348,0.026109713412746094,0.052730706352581716,0.5651001509512699
387,0.0284569713042781,0.02629415273740677,0.13838378248642397,0.027612468487811834,0.03379530036899054,0.05114794232214254,0.029327902965735102,0.02104090861061348,0.026109713412746094,0.052730706352581716,0.5651001509512699
388,0.0284569713042781,0.02629415273740677,0.13838378248642397,0.027612468487811834,0.03379530036899054,0.05114794232214254,0.029327902965735102,0.02104090861061348,0.026109713412746094,0.052730706352581716,0.5651001509512699
389,0.0284569713042781,0.02629415273740677,0.13838378248642397,0.027612468487811834,0.03379530036899054,0.05114794232214254,0.029327902965735102,0.02104090861061348,0.026109713412746094,0.052730706352581716,0.5651001509512699
390,0.0284569713042781,0.02629415273740677,0.13838378248642397,0.027612468487811834,0.03379530036899054,0.05114794232214254,0.029327902965735102,0.02104090861061348,0.026109713412746094,0.052730706352581716,0.5651001509512699
391,0.0284569713042781,0.02629415273740677,0.13838378248642397,0.027612468487811834,0.03379530036899054,0.05114794232214254,0.029327902965735102,0.02104090861061348,0.026109713412746094,0.052730706352581716,0.5651001509512699
392,0.0284569713042781,0.02629415273740677,0.13838378248642397,0.027612468487811834,0.03379530036899054,0.05114794232214254,0.029327902965735102,0.02104090861061348,0.026109713412746094,0.052730706352581716,0.5651001509512699
393,0.0284569713042781,0.02629415273740677,0.13838378248642397,0.027612468487811834,0.03379530036899054,0.05114794232214254,0.029327902965735102,0.02104090861061348,0.026109713412746094,0.052730706352581716,0.5651001509512699
394,0.0284569713042781,0.02629415273740677,0.13838378248642397,0.027612468487811834,0.03379530036899054,0.05114794232214254,0.029327902965735102,0.02104090861061348,0.026109713412746094,0.052730706352581716,0.5651001509512699
395,0.0284569713042781,0.02629415273740677,0.13838378248642397,0.027612468487811834,0.03379530036899054,0.05114794232214254,0.029327902965735102,0.02104090861061348,0.026109713412746094,0.052730706352581716,0.5651001509512699
396,0.03207335421107277,0.06265361194542882,0.4817483185295946,-0.11486238435149759,0.02715954302268263,0.552376109200615,0.02370654925951992,0.031202682981792327,0.01958070800846367,-0.08448639858195112,-0.031152094225721124
397,0.03207335421107277,0.06265361194542882,0.4817483185295946,-0.11486238435149759,0.02715954302268263,0.552376109200615,0.02370654925951992,0.031202682981792327,0.01958070800846367,-0.08448639858195112,-0.031152094225721124
398,0.03207335421107277,0.06265361194542882,0.4817483185295946,-0.11486238435149759,0.02715954302268263,0.552376109200615,0.02370654925951992,0.031202682981792327,0.01958070800846367,-0.08448639858195112,-0.031152094225721124
399,0.03207335421107277,0.06265361194542882,0.4817483185295946,-0.11486238435149759,0.02715954302268263,0.552376109200615,0.02370654925951992,0.031202682981792327,0.01958070800846367,-0.08448639858195112,-0.031152094225721124
400,0.03207335421107277,0.06265361194542882,0.4817483185295946,-0.11486238435149759,0.02715954302268263,0.552376109200615,0.02370654925951992,0.031202682981792327,0.01958070800846367,-0.08448639858195112,-0.031152094225721124
401,0.03207335421107277,0.06265361194542882,0.4817483185295946,-0.11486238435149759,0.02715954302268263,0.552376109200615,0.02370654925951992,0.031202682981792327,0.01958070800846367,-0.08448639858195112,-0.031152094225721124
402,0.03207335421107277,0.06265361194542882,0.4817483185295946,-0.11486238435149759,0.02715954302268263,0.552376109200615,0.02370654925951992,0.031202682981792327,0.01958070800846367,-0.08448639858195112,-0.031152094225721124
403,0.03207335421107277,0.06265361194542882,0.4817483185295946,-0.11486238435149759,0.02715954302268263,0.552376109200615,0.02370654925951992,0.031202682981792327,0.01958070800846367,-0.08448639858195112,-0.031152094225721124
404,0.03207335421107277,0.06265361194542882,0.4817483185295946,-0.11486238435149759,0.02715954302268263,0.552376109200615,0.02370654925951992,0.031202682981792327,0.01958070800846367,-0.08448639858195112,-0.031152094225721124
405,0.03207335421107277,0.06265361194542882,0.4817483185295946,-0.11486238435149759,0.02715954302268263,0.552376109200615,0.02370654925951992,0.031202682981792327,0.01958070800846367,-0.08448639858195112,-0.031152094225721124
406,0.03207335421107277,0.06265361194542882,0.4817483185295946,-0.11486238435149759,0.02715954302268263,0.552376109200615,0.02370654925951992,0.031202682981792327,0.01958070800846367,-0.08448639858195112,-0.031152094225721124
407,0.03207335421107277,0.06265361194542882,0.4817483185295946,-0.11486238435149759,0.02715954302268263,0.552376109200615,0.02370654925951992,0.031202682981792327,0.01958070800846367,-0.08448639858195112,-0.031152094225721124
408,0.03207335421107277,0.06265361194542882,0.4817483185295946,-0.11486238435149759,0.02715954302268263,0.552376109200615,0.02370654925951992,0.031202682981792327,0.01958070800846367,-0.08448639858195112,-0.031152094225721124
409,0.03207335421107277,0.06265361194542882,0.4817483185295946,-0.11486238435149759,0.02715954302268263,0.552376109200615,0.02370654925951992,0.031202682981792327,0.01958070800846367,-0.08448639858195112,-0.031152094225721124
410,0.03207335421107277,0.06265361194542882,0.4817483185295946,-0.11486238435149759,0.02715954302268263,0.552376109200615,0.02370654925951992,0.031202682981792327,0.01958070800846367,-0.08448639858195112,-0.031152094225721124
411,0.03207335421107277,0.06265361194542882,0.4817483185295946,-0.11486238435149759,0.02715954302268263,0.552376109200615,0.02370654925951992,0.031202682981792327,0.01958070800846367,-0.08448639858195112,-0.031152094225721124
412,0.03207335421107277,0.06265361194542882,0.4817483185295946,-0.11486238435149759,0.02715954302268263,0.552376109200615,0.02370654925951992,0.031202682981792327,0.01958070800846367,-0.08448639858195112,-0.031152094225721124
413,0.03207335421107277,0.06265361194542882,0.4817483185295946,-0.11486238435149759,0.02715954302268263,0.552376109200615,0.02370654925951992,0.031202682981792327,0.01958070800846367,-0.08448639858195112,-0.031152094225721124
414,0.03207335421107277,0.06265361194542882,0.4817483185295946,-0.11486238435149759,0.02715954302268263,0.552376109200615,0.02370654925951992,0.031202682981792327,0.01958070800846367,-0.08448639858195112,-0.031152094225721124
415,0.03207335421107277,0.06265361194542882,0.4817483185295946,-0.11486238435149759,0.02715954302268263,0.552376109200615,0.02370654925951992,0.031202682981792327,0.01958070800846367,-0.08448639858195112,-0.031152094225721124
416,0.03207335421107277,0.06265361194542882,0.4817483185295946,-0.11486238435149759,0.02715954302268263,0.552376109200615,0.02370654925951992,0.031202682981792327,0.01958070800846367,-0.08448639858195112,-0.031152094225721124
417,0.03207335421107277,0.06265361194542882,0.4817483185295946,-0.11486238435149759,0.02715954302268263,0.552376109200615,0.02370654925951992,0.031202682981792327,0.01958070800846367,-0.08448639858195112,-0.031152094225721124
418,0.03207335421107277,0.06265361194542882,0.4817483185295946,-0.11486238435149759,0.02715954302268263,0.552376109200615,0.02370654925951992,0.031202682981792327,0.01958070800846367,-0.08448639858195112,-0.031152094225721124
419,0.03207335421107277,0.06265361194542882,0.4817483185295946,-0.11486238435149759,0.02715954302268263,0.552376109200615,0.02370654925951992,0.031202682981792327,0.01958070800846367,-0.08448639858195112,-0.031152094225721124
420,0.03207335421107277,0.06265361194542882,0.4817483185295946,-0.11486238435149759,0.02715954302268263,0.552376109200615,0.02370654925951992,0.031202682981792327,0.01958070800846367,-0.08448639858195112,-0.031152094225721124
421,0.03207335421107277,0.06265361194542882,0.4817483185295946,-0.11486238435149759,0.02715954302268263,0.552376109200615,0.02370654925951992,0.031202682981792327,0.01958070800846367,-0.08448639858195112,-0.031152094225721124
422,0.03207335421107277,0.06265361194542882,0.4817483185295946,-0.11486238435149759,0.02715954302268263,0.552376109200615,0.02370654925951992,0.031202682981792327,0.01958070800846367,-0.08448639858195112,-0.031152094225721124
423,0.03207335421107277,0.06265361194542882,0.4817483185295946,-0.11486238435149759,0.02715954302268263,0.552376109200615,0.02370654925951992,0.031202682981792327,0.01958070800846367,-0.08448639858195112,-0.031152094225721124
424,0.4555016777576638,0.12099919209656158,0.10496438000553708,-0.09361018237633081,-0.08845384227221027,-0.005548791791290588,0.07067847235749934,0.12591542566683442,0.3521332450853683,0.06980760703053525,-0.11238718356016832
425,0.4555016777576638,0.12099919209656158,0.10496438000553708,-0.09361018237633081,-0.08845384227221027,-0.005548791791290588,0.07067847235749934,0.12591542566683442,0.3521332450853683,0.06980760703053525,-0.11238718356016832
426,0.4555016777576638,0.12099919209656158,0.10496438000553708,-0.09361018237633081,-0.08845384227221027,-0.005548791791290588,0.07067847235749934,0.12591542566683442,0.3521332450853683,0.06980760703053525,-0.11238718356016832
427,0.4555016777576638,0.12099919209656158,0.10496438000553708,-0.09361018237633081,-0.08845384227221027,-0.005548791791290588,0.07067847235749934,0.12591542566683442,0.3521332450853683,0.06980760703053525,-0.11238718356016832
428,0.4555016777576638,0.12099919209656158,0.10496438000553708,-0.09361018237633081,-0.08845384227221027,-0.005548791791290588,0.07067847235749934,0.12591542566683442,0.3521332450853683,0.06980760703053525,-0.11238718356016832
429,0.4555016777576638,0.12099919209656158,0.10496438000553708,-0.09361018237633081,-0.08845384227221027,-0.005548791791290588,0.07067847235749934,0.12591542566683442,0.3521332450853683,0.06980760703053525,-0.11238718356016832
430,0.4555016777576638,0.12099919209656158,0.10496438000553708,-0.09361018237633081,-0.08845384227221027,-0.005548791791290588,0.07067847235749934,0.12591542566683442,0.3521332450853683,0.06980760703053525,-0.11238718356016832
431,0.4555016777576638,0.12099919209656158,0.10496438000553708,-0.09361018237633081,-0.08845384227221027,-0.005548791791290588,0.07067847235749934,0.12591542566683442,0.3521332450853683,0.06980760703053525,-0.11238718356016832
432,0.4555016777576638,0.12099919209656158,0.10496438000553708,-0.09361018237633081,-0.08845384227221027,-0.005548791791290588,0.07067847235749934,0.12591542566683442,0.3521332450853683,0.06980760703053525,-0.11238718356016832
433,0.4555016777576638,0.12099919209656158,0.10496438000553708,-0.09361018237633081,-0.08845384227221027,-0.005548791791290588,0.07067847235749934,0.12591542566683442,0.3521332450853683,0.06980760703053525,-0.11238718356016832
434,0.4555016777576638,0.12099919209656158,0.10496438000553708,-0.09361018237633081,-0.08845384227221027,-0.005548791791290588,0.07067847235749934,0.12591542566683442,0.3521332450853683,0.06980760703053525,-0.11238718356016832
435,0.4555016777576638,0.12099919209656158,0.10496438000553708,-0.09361018237633081,-0.08845384227221027,-0.005548791791290588,0.07067847235749934,0.12591542566683442,0.3521332450853683,0.06980760703053525,-0.11238718356016832
436,0.4555016777576638,0.12099919209656158,0.10496438000553708,-0.09361018237633081,-0.08845384227221027,-0.005548791791290588,0.07067847235749934,0.12591542566683442,0.3521332450853683,0.06980760703053525,-0.11238718356016832
437,0.4555016777576638,0.12099919209656158,0.10496438000553708,-0.09361018237633081,-0.08845384227221027,-0.005548791791290588,0.07067847235749934,0.12591542566683442,0.3521332450853683,0.06980760703053525,-0.11238718356016832
438,0.4555016777576638,0.12099919209656158,0.10496438000553708,-0.09361018237633081,-0.08845384227221027,-0.005548791791290588,0.07067847235749934,0.12591542566683442,0.3521332450853683,0.06980760703053525,-0.11238718356016832
439,0.4555016777576638,0.12099919209656158,0.10496438000553708,-0.09361018237633081,-0.08845384227221027,-0.005548791791290588,0.07067847235749934,0.12591542566683442,0.3521332450853683,0.06980760703053525,-0.11238718356016832
440,0.4555016777576638,0.12099919209656158,0.10496438000553708,-0.09361018237633081,-0.08845384227221027,-0.005548791791290588,0.07067847235749934,0.12591542566683442,0.3521332450853683,0.06980760703053525,-0.11238718356016832
441,0.4555016777576638,0.12099919209656158,0.10496438000553708,-0.09361018237633081,-0.08845384227221027,-0.005548791791290588,0.07067847235749934,0.12591542566683442,0.3521332450853683,0.06980760703053525,-0.11238718356016832
442,0.4555016777576638,0.12099919209656158,0.10496438000553708,-0.09361018237633081,-0.08845384227221027,-0.005548791791290588,0.07067847235749934,0.12591542566683442,0.3521332450853683,0.06980760703053525,-0.11238718356016832
443,0.4555016777576638,0.12099919209656158,0.10496438000553708,-0.09361018237633081,-0.08845384227221027,-0.005548791791290588,0.07067847235749934,0.12591542566683442,0.3521332450853683,0.06980760703053525,-0.11238718356016832
444,0.4555016777576638,0.12099919209656158,0.10496438000553708,-0.09361018237633081,-0.08845384227221027,-0.005548791791290588,0.07067847235749934,0.12591542566683442,0.3521332450853683,0.06980760703053525,-0.11238718356016832
445,0.4555016777576638,0.12099919209656158,0.10496438000553708,-0.09361018237633081,-0.08845384227221027,-0.005548791791290588,0.07067847235749934,0.12591542566683442,0.3521332450853683,0.06980760703053525,-0.11238718356016832
446,0.4555016777576638,0.12099919209656158,0.10496438000553708,-0.09361018237633081,-0.08845384227221027,-0.005548791791290588,0.07067847235749934,0.12591542566683442,0.3521332450853683,0.06980760703053525,-0.11238718356016832
447,0.4555016777576638,0.12099919209656158,0.10496438000553708,-0.09361018237633081,-0.08845384227221027,-0.005548791791290588,0.07067847235749934,0.12591542566683442,0.3521332450853683,0.06980760703053525,-0.11238718356016832
448,0.4555016777576638,0.12099919209656158,0.10496438000553708,-0.09361018237633081,-0.08845384227221027,-0.005548791791290588,0.07067847235749934,0.12591542566683442,0.3521332450853683,0.06980760703053525,-0.11238718356016832
449,0.4555016777576638,0.12099919209656158,0.10496438000553708,-0.09361018237633081,-0.08845384227221027,-0.005548791791290588,0.07067847235749934,0.12591542566683442,0.3521332450853683,0.06980760703053525,-0.11238718356016832
450,0.4555016777576638,0.12099919209656158,0.10496438000553708,-0.09361018237633081,-0.08845384227221027,-0.005548791791290588,0.07067847235749934,0.12591542566683442,0.3521332450853683,0.06980760703053525,-0.11238718356016832
451,0.4555016777576638,0.12099919209656158,0.10496438000553708,-0.09361018237633081,-0.08845384227221027,-0.005548791791290588,0.07067847235749934,0.12591542566683442,0.3521332450853683,0.06980760703053525,-0.11238718356016832
452,0.4555016777576638,0.12099919209656158,0.10496438000553708,-0.09361018237633081,-0.08845384227221027,-0.005548791791290588,0.07067847235749934,0.12591542566683442,0.3521332450853683,0.06980760703053525,-0.11238718356016832
453,0.4555016777576638,0.12099919209656158,0.10496438000553708,-0.09361018237633081,-0.08845384227221027,-0.005548791791290588,0.07067847235749934,0.12591542566683442,0.3521332450853683,0.06980760703053525,-0.11238718356016832
454,0.4555016777576638,0.12099919209656158,0.10496438000553708,-0.09361018237633081,-0.08845384227221027,-0.005548791791290588,0.07067847235749934,0.12591542566683442,0.3521332450853683,0.06980760703053525,-0.11238718356016832
455,0.11160512918417806,0.08083138374266464,-0.06533378806103445,0.047963795486544336,-0.2346662119389655,0.07538150254864241,0.2849212156492358,0.3188420294543783,0.12111429729962435,0.18406380031292727,0.07527684632180483
456,0.11160512918417806,0.08083138374266464,-0.06533378806103445,0.047963795486544336,-0.2346662119389655,0.07538150254864241,0.2849212156492358,0.3188420294543783,0.12111429729962435,0.18406380031292727,0.07527684632180483
457,0.11160512918417806,0.08083138374266464,-0.06533378806103445,0.047963795486544336,-0.2346662119389655,0.07538150254864241,0.2849212156492358,0.3188420294543783,0.12111429729962435,0.18406380031292727,0.07527684632180483
458,0.11160512918417806,0.08083138374266464,-0.06533378806103445,0.047963795486544336,-0.2346662119389655,0.07538150254864241,0.2849212156492358,0.3188420294543783,0.12111429729962435,0.18406380031292727,0.07527684632180483
459,0.11160512918417806,0.08083138374266464,-0.06533378806103445,0.047963795486544336,-0.2346662119389655,0.07538150254864241,0.2849212156492358,0.3188420294543783,0.12111429729962435,0.18406380031292727,0.07527684632180483
460,0.11160512918417806,0.08083138374266464,-0.06533378806103445,0.047963795486544336,-0.2346662119389655,0.07538150254864241,0.2849212156492358,0.3188420294543783,0.12111429729962435,0.18406380031292727,0.07527684632180483
461,0.11160512918417806,0.08083138374266464,-0.06533378806103445,0.047963795486544336,-0.2346662119389655,0.07538150254864241,0.2849212156492358,0.3188420294543783,0.12111429729962435,0.18406380031292727,0.07527684632180483
462,0.11160512918417806,0.08083138374266464,-0.06533378806103445,0.047963795486544336,-0.2346662119389655,0.07538150254864241,0.2849212156492358,0.3188420294543783,0.12111429729962435,0.18406380031292727,0.07527684632180483
463,0.11160512918417806,0.08083138374266464,-0.06533378806103445,0.047963795486544336,-0.2346662119389655,0.07538150254864241,0.2849212156492358,0.3188420294543783,0.12111429729962435,0.18406380031292727,0.07527684632180483
464,0.11160512918417806,0.08083138374266464,-0.06533378806103445,0.047963795486544336,-0.2346662119389655,0.07538150254864241,0.2849212156492358,0.3188420294543783,0.12111429729962435,0.18406380031292727,0.07527684632180483
465,0.11160512918417806,0.08083138374266464,-0.06533378806103445,0.047963795486544336,-0.2346662119389655,0.07538150254864241,0.2849212156492358,0.3188420294543783,0.12111429729962435,0.18406380031292727,0.07527684632180483
466,0.11160512918417806,0.08083138374266464,-0.06533378806103445,0.047963795486544336,-0.2346662119389655,0.07538150254864241,0.2849212156492358,0.3188420294543783,0.12111429729962435,0.18406380031292727,0.07527684632180483
467,0.11160512918417806,0.08083138374266464,-0.06533378806103445,0.047963795486544336,-0.2346662119389655,0.07538150254864241,0.2849212156492358,0.3188420294543783,0.12111429729962435,0.18406380031292727,0.07527684632180483
468,0.11160512918417806,0.08083138374266464,-0.06533378806103445,0.047963795486544336,-0.2346662119389655,0.07538150254864241,0.2849212156492358,0.3188420294543783,0.12111429729962435,0.18406380031292727,0.07527684632180483
469,0.11160512918417806,0.08083138374266464,-0.06533378806103445,0.047963795486544336,-0.2346662119389655,0.07538150254864241,0.2849212156492358,0.3188420294543783,0.12111429729962435,0.18406380031292727,0.07527684632180483
470,0.11160512918417806,0.08083138374266464,-0.06533378806103445,0.047963795486544336,-0.2346662119389655,0.07538150254864241,0.2849212156492358,0.3188420294543783,0.12111429729962435,0.18406380031292727,0.07527684632180483
471,0.11160512918417806,0.08083138374266464,-0.06533378806103445,0.047963795486544336,-0.2346662119389655,0.07538150254864241,0.2849212156492358,0.3188420294543783,0.12111429729962435,0.18406380031292727,0.07527684632180483
472,0.11160512918417806,0.08083138374266464,-0.06533378806103445,0.047963795486544336,-0.2346662119389655,0.07538150254864241,0.2849212156492358,0.3188420294543783,0.12111429729962435,0.18406380031292727,0.07527684632180483
473,0.11160512918417806,0.08083138374266464,-0.06533378806103445,0.047963795486544336,-0.2346662119389655,0.07538150254864241,0.2849212156492358,0.3188420294543783,0.12111429729962435,0.18406380031292727,0.07527684632180483
474,0.11160512918417806,0.08083138374266464,-0.06533378806103445,0.047963795486544336,-0.2346662119389655,0.07538150254864241,0.2849212156492358,0.3188420294543783,0.12111429729962435,0.18406380031292727,0.07527684632180483
475,0.11160512918417806,0.08083138374266464,-0.06533378806103445,0.047963795486544336,-0.2346662119389655,0.07538150254864241,0.2849212156492358,0.3188420294543783,0.12111429729962435,0.18406380031292727,0.07527684632180483
476,0.11160512918417806,0.08083138374266464,-0.06533378806103445,0.047963795486544336,-0.2346662119389655,0.07538150254864241,0.2849212156492358,0.3188420294543783,0.12111429729962435,0.18406380031292727,0.07527684632180483
477,0.11160512918417806,0.08083138374266464,-0.06533378806103445,0.047963795486544336,-0.2346662119389655,0.07538150254864241,0.2849212156492358,0.3188420294543783,0.12111429729962435,0.18406380031292727,0.07527684632180483
478,0.11160512918417806,0.08083138374266464,-0.06533378806103445,0.047963795486544336,-0.2346662119389655,0.07538150254864241,0.2849212156492358,0.3188420294543783,0.12111429729962435,0.18406380031292727,0.07527684632180483
479,0.11160512918417806,0.08083138374266464,-0.06533378806103445,0.047963795486544336,-0.2346662119389655,0.07538150254864241,0.2849212156492358,0.3188420294543783,0.12111429729962435,0.18406380031292727,0.07527684632180483
480,0.11160512918417806,0.08083138374266464,-0.06533378806103445,0.047963795486544336,-0.2346662119389655,0.07538150254864241,0.2849212156492358,0.3188420294543783,0.12111429729962435,0.18406380031292727,0.07527684632180483
481,0.11160512918417806,0.08083138374266464,-0.06533378806103445,0.047963795486544336,-0.2346662119389655,0.07538150254864241,0.2849212156492358,0.3188420294543783,0.12111429729962435,0.18406380031292727,0.07527684632180483
482,0.11160512918417806,0.08083138374266464,-0.06533378806103445,0.047963795486544336,-0.2346662119389655,0.07538150254864241,0.2849212156492358,0.3188420294543783,0.12111429729962435,0.18406380031292727,0.07527684632180483
483,0.11160512918417806,0.08083138374266464,-0.06533378806103445,0.047963795486544336,-0.2346662119389655,0.07538150254864241,0.2849212156492358,0.3188420294543783,0.12111429729962435,0.18406380031292727,0.07527684632180483
484,0.11160512918417806,0.08083138374266464,-0.06533378806103445,0.047963795486544336,-0.2346662119389655,0.07538150254864241,0.2849212156492358,0.3188420294543783,0.12111429729962435,0.18406380031292727,0.07527684632180483
485,0.06586919186531075,0.1571976966774474,0.29241160217649426,-0.1057002710606845,0.16077483458253586,0.09845850676607001,0.08390627773170951,0.07881321828417517,0.11137854276657157,-0.11459505532838712,0.17148545553875713
486,0.06586919186531075,0.1571976966774474,0.29241160217649426,-0.1057002710606845,0.16077483458253586,0.09845850676607001,0.08390627773170951,0.07881321828417517,0.11137854276657157,-0.11459505532838712,0.17148545553875713
487,0.06586919186531075,0.1571976966774474,0.29241160217649426,-0.1057002710606845,0.16077483458253586,0.09845850676607001,0.08390627773170951,0.07881321828417517,0.11137854276657157,-0.11459505532838712,0.17148545553875713
488,0.06586919186531075,0.1571976966774474,0.29241160217649426,-0.1057002710606845,0.16077483458253586,0.09845850676607001,0.08390627773170951,0.07881321828417517,0.11137854276657157,-0.11459505532838712,0.17148545553875713
489,0.06586919186531075,0.1571976966774474,0.29241160217649426,-0.1057002710606845,0.16077483458253586,0.09845850676607001,0.08390627773170951,0.07881321828417517,0.11137854276657157,-0.11459505532838712,0.17148545553875713
490,0.06586919186531075,0.1571976966774474,0.29241160217649426,-0.1057002710606845,0.16077483458253586,0.09845850676607001,0.08390627773170951,0.07881321828417517,0.11137854276657157,-0.11459505532838712,0.17148545553875713
491,0.06586919186531075,0.1571976966774474,0.29241160217649426,-0.1057002710606845,0.16077483458253586,0.09845850676607001,0.08390627773170951,0.07881321828417517,0.11137854276657157,-0.11459505532838712,0.17148545553875713
492,0.06586919186531075,0.1571976966774474,0.29241160217649426,-0.1057002710606845,0.16077483458253586,0.09845850676607001,0.08390627773170951,0.07881321828417517,0.11137854276657157,-0.11459505532838712,0.17148545553875713
493,0.06586919186531075,0.1571976966774474,0.29241160217649426,-0.1057002710606845,0.16077483458253586,0.09845850676607001,0.08390627773170951,0.07881321828417517,0.11137854276657157,-0.11459505532838712,0.17148545553875713
494,0.06586919186531075,0.1571976966774474,0.29241160217649426,-0.1057002710606845,0.16077483458253586,0.09845850676607001,0.08390627773170951,0.07881321828417517,0.11137854276657157,-0.11459505532838712,0.17148545553875713
495,0.06586919186531075,0.1571976966774474,0.29241160217649426,-0.1057002710606845,0.16077483458253586,0.09845850676607001,0.08390627773170951,0.07881321828417517,0.11137854276657157,-0.11459505532838712,0.17148545553875713
496,0.06586919186531075,0.1571976966774474,0.29241160217649426,-0.1057002710606845,0.16077483458253586,0.09845850676607001,0.08390627773170951,0.07881321828417517,0.11137854276657157,-0.11459505532838712,0.17148545553875713
497,0.06586919186531075,0.1571976966774474,0.29241160217649426,-0.1057002710606845,0.16077483458253586,0.09845850676607001,0.08390627773170951,0.07881321828417517,0.11137854276657157,-0.11459505532838712,0.17148545553875713
498,0.06586919186531075,0.1571976966774474,0.29241160217649426,-0.1057002710606845,0.16077483458253586,0.09845850676607001,0.08390627773170951,0.07881321828417517,0.11137854276657157,-0.11459505532838712,0.17148545553875713
499,0.06586919186531075,0.1571976966774474,0.29241160217649426,-0.1057002710606845,0.16077483458253586,0.09845850676607001,0.08390627773170951,0.07881321828417517,0.11137854276657157,-0.11459505532838712,0.17148545553875713
500,0.06586919186531075,0.1571976966774474,0.29241160217649426,-0.1057002710606845,0.16077483458253586,0.09845850676607001,0.08390627773170951,0.07881321828417517,0.11137854276657157,-0.11459505532838712,0.17148545553875713
501,0.06586919186531075,0.1571976966774474,0.29241160217649426,-0.1057002710606845,0.16077483458253586,0.09845850676607001,0.08390627773170951,0.07881321828417517,0.11137854276657157,-0.11459505532838712,0.17148545553875713
502,0.06586919186531075,0.1571976966774474,0.29241160217649426,-0.1057002710606845,0.16077483458253586,0.09845850676607001,0.08390627773170951,0.07881321828417517,0.11137854276657157,-0.11459505532838712,0.17148545553875713
503,0.06586919186531075,0.1571976966774474,0.29241160217649426,-0.1057002710606845,0.16077483458253586,0.09845850676607001,0.08390627773170951,0.07881321828417517,0.11137854276657157,-0.11459505532838712,0.17148545553875713
504,0.06586919186531075,0.1571976966774474,0.29241160217649426,-0.1057002710606845,0.16077483458253586,0.09845850676607001,0.08390627773170951,0.07881321828417517,0.11137854276657157,-0.11459505532838712,0.17148545553875713
505,0.06586919186531075,0.1571976966774474,0.29241160217649426,-0.1057002710606845,0.16077483458253586,0.09845850676607001,0.08390627773170951,0.07881321828417517,0.11137854276657157,-0.11459505532838712,0.17148545553875713
506,0.06586919186531075,0.1571976966774474,0.29241160217649426,-0.1057002710606845,0.16077483458253586,0.09845850676607001,0.08390627773170951,0.07881321828417517,0.11137854276657157,-0.11459505532838712,0.17148545553875713
507,0.06586919186531075,0.1571976966774474,0.29241160217649426,-0.1057002710606845,0.16077483458253586,0.09845850676607001,0.08390627773170951,0.07881321828417517,0.11137854276657157,-0.11459505532838712,0.17148545553875713
508,0.06586919186531075,0.1571976966774474,0.29241160217649426,-0.1057002710606845,0.16077483458253586,0.09845850676607001,0.08390627773170951,0.07881321828417517,0.11137854276657157,-0.11459505532838712,0.17148545553875713
509,0.06586919186531075,0.1571976966774474,0.29241160217649426,-0.1057002710606845,0.16077483458253586,0.09845850676607001,0.08390627773170951,0.07881321828417517,0.11137854276657157,-0.11459505532838712,0.17148545553875713
510,0.06586919186531075,0.1571976966774474,0.29241160217649426,-0.1057002710606845,0.16077483458253586,0.09845850676607001,0.08390627773170951,0.07881321828417517,0.11137854276657157,-0.11459505532838712,0.17148545553875713
511,0.06586919186531075,0.1571976966774474,0.29241160217649426,-0.1057002710606845,0.16077483458253586,0.09845850676607001,0.08390627773170951,0.07881321828417517,0.11137854276657157,-0.11459505532838712,0.17148545553875713
512,0.06586919186531075,0.1571976966774474,0.29241160217649426,-0.1057002710606845,0.16077483458253586,0.09845850676607001,0.08390627773170951,0.07881321828417517,0.11137854276657157,-0.11459505532838712,0.17148545553875713
513,0.06586919186531075,0.1571976966774474,0.29241160217649426,-0.1057002710606845,0.16077483458253586,0.09845850676607001,0.08390627773170951,0.07881321828417517,0.11137854276657157,-0.11459505532838712,0.17148545553875713
514,0.06586919186531075,0.1571976966774474,0.29241160217649426,-0.1057002710606845,0.16077483458253586,0.09845850676607001,0.08390627773170951,0.07881321828417517,0.11137854276657157,-0.11459505532838712,0.17148545553875713
515,0.06586919186531075,0.1571976966774474,0.29241160217649426,-0.1057002710606845,0.16077483458253586,0.09845850676607001,0.08390627773170951,0.07881321828417517,0.11137854276657157,-0.11459505532838712,0.17148545553875713
516,0.03209692710518054,0.05517320761566705,0.15127568665860577,0.2879368901278805,0.03853850806311916,0.05661282386092413,0.08692353213720014,0.052504230034361075,0.04730720198304524,0.022517884115527402,0.1691131082984891
517,0.03209692710518054,0.05517320761566705,0.15127568665860577,0.2879368901278805,0.03853850806311916,0.05661282386092413,0.08692353213720014,0.052504230034361075,0.04730720198304524,0.022517884115527402,0.1691131082984891
518,0.03209692710518054,0.05517320761566705,0.15127568665860577,0.2879368901278805,0.03853850806311916,0.05661282386092413,0.08692353213720014,0.052504230034361075,0.04730720198304524,0.022517884115527402,0.1691131082984891
519,0.03209692710518054,0.05517320761566705,0.15127568665860577,0.2879368901278805,0.03853850806311916,0.05661282386092413,0.08692353213720014,0.052504230034361075,0.04730720198304524,0.022517884115527402,0.1691131082984891
520,0.03209692710518054,0.05517320761566705,0.15127568665860577,0.2879368901278805,0.03853850806311916,0.05661282386092413,0.08692353213720014,0.052504230034361075,0.04730720198304524,0.022517884115527402,0.1691131082984891
521,0.03209692710518054,0.05517320761566705,0.15127568665860577,0.2879368901278805,0.03853850806311916,0.05661282386092413,0.08692353213720014,0.052504230034361075,0.04730720198304524,0.022517884115527402,0.1691131082984891
522,0.03209692710518054,0.05517320761566705,0.15127568665860577,0.2879368901278805,0.03853850806311916,0.05661282386092413,0.08692353213720014,0.052504230034361075,0.04730720198304524,0.022517884115527402,0.1691131082984891
523,0.03209692710518054,0.05517320761566705,0.15127568665860577,0.2879368901278805,0.03853850806311916,0.05661282386092413,0.08692353213720014,0.052504230034361075,0.04730720198304524,0.022517884115527402,0.1691131082984891
524,0.03209692710518054,0.05517320761566705,0.15127568665860577,0.2879368901278805,0.03853850806311916,0.05661282386092413,0.08692353213720014,0.052504230034361075,0.04730720198304524,0.022517884115527402,0.1691131082984891
525,0.03209692710518054,0.05517320761566705,0.15127568665860577,0.2879368901278805,0.03853850806311916,0.05661282386092413,0.08692353213720014,0.052504230034361075,0.04730720198304524,0.022517884115527402,0.1691131082984891
526,0.03209692710518054,0.05517320761566705,0.15127568665860577,0.2879368901278805,0.03853850806311916,0.05661282386092413,0.08692353213720014,0.052504230034361075,0.04730720198304524,0.022517884115527402,0.1691131082984891
527,0.03209692710518054,0.05517320761566705,0.15127568665860577,0.2879368901278805,0.03853850806311916,0.05661282386092413,0.08692353213720014,0.052504230034361075,0.04730720198304524,0.022517884115527402,0.1691131082984891
528,0.03209692710518054,0.05517320761566705,0.15127568665860577,0.2879368901278805,0.03853850806311916,0.05661282386092413,0.08692353213720014,0.052504230034361075,0.04730720198304524,0.022517884115527402,0.1691131082984891
529,0.03209692710518054,0.05517320761566705,0.15127568665860577,0.2879368901278805,0.03853850806311916,0.05661282386092413,0.08692353213720014,0.052504230034361075,0.04730720198304524,0.022517884115527402,0.1691131082984891
530,0.03209692710518054,0.05517320761566705,0.15127568665860577,0.2879368901278805,0.03853850806311916,0.05661282386092413,0.08692353213720014,0.052504230034361075,0.04730720198304524,0.022517884115527402,0.1691131082984891
531,0.03209692710518054,0.05517320761566705,0.15127568665860577,0.2879368901278805,0.03853850806311916,0.05661282386092413,0.08692353213720014,0.052504230034361075,0.04730720198304524,0.022517884115527402,0.1691131082984891
532,0.03209692710518054,0.05517320761566705,0.15127568665860577,0.2879368901278805,0.03853850806311916,0.05661282386092413,0.08692353213720014,0.052504230034361075,0.04730720198304524,0.022517884115527402,0.1691131082984891
533,0.03209692710518054,0.05517320761566705,0.15127568665860577,0.2879368901278805,0.03853850806311916,0.05661282386092413,0.08692353213720014,0.052504230034361075,0.04730720198304524,0.022517884115527402,0.1691131082984891
534,0.03209692710518054,0.05517320761566705,0.15127568665860577,0.2879368901278805,0.03853850806311916,0.05661282386092413,0.08692353213720014,0.052504230034361075,0.04730720198304524,0.022517884115527402,0.1691131082984891
535,0.03209692710518054,0.05517320761566705,0.15127568665860577,0.2879368901278805,0.03853850806311916,0.05661282386092413,0.08692353213720014,0.052504230034361075,0.04730720198304524,0.022517884115527402,0.1691131082984891
536,0.03209692710518054,0.05517320761566705,0.15127568665860577,0.2879368901278805,0.03853850806311916,0.05661282386092413,0.08692353213720014,0.052504230034361075,0.04730720198304524,0.022517884115527402,0.1691131082984891
537,0.03209692710518054,0.05517320761566705,0.15127568665860577,0.2879368901278805,0.03853850806311916,0.05661282386092413,0.08692353213720014,0.052504230034361075,0.04730720198304524,0.022517884115527402,0.1691131082984891
538,0.03209692710518054,0.05517320761566705,0.15127568665860577,0.2879368901278805,0.03853850806311916,0.05661282386092413,0.08692353213720014,0.052504230034361075,0.04730720198304524,0.022517884115527402,0.1691131082984891
539,0.03209692710518054,0.05517320761566705,0.15127568665860577,0.2879368901278805,0.03853850806311916,0.05661282386092413,0.08692353213720014,0.052504230034361075,0.04730720198304524,0.022517884115527402,0.1691131082984891
540,0.03209692710518054,0.05517320761566705,0.15127568665860577,0.2879368901278805,0.03853850806311916,0.05661282386092413,0.08692353213720014,0.052504230034361075,0.04730720198304524,0.022517884115527402,0.1691131082984891
541,0.03209692710518054,0.05517320761566705,0.15127568665860577,0.2879368901278805,0.03853850806311916,0.05661282386092413,0.08692353213720014,0.052504230034361075,0.04730720198304524,0.022517884115527402,0.1691131082984891
542,0.03209692710518054,0.05517320761566705,0.15127568665860577,0.2879368901278805,0.03853850806311916,0.05661282386092413,0.08692353213720014,0.052504230034361075,0.04730720198304524,0.022517884115527402,0.1691131082984891
543,0.03209692710518054,0.05517320761566705,0.15127568665860577,0.2879368901278805,0.03853850806311916,0.05661282386092413,0.08692353213720014,0.052504230034361075,0.04730720198304524,0.022517884115527402,0.1691131082984891
544,0.03209692710518054,0.05517320761566705,0.15127568665860577,0.2879368901278805,0.03853850806311916,0.05661282386092413,0.08692353213720014,0.052504230034361075,0.04730720198304524,0.022517884115527402,0.1691131082984891
545,0.03209692710518054,0.05517320761566705,0.15127568665860577,0.2879368901278805,0.03853850806311916,0.05661282386092413,0.08692353213720014,0.052504230034361075,0.04730720198304524,0.022517884115527402,0.1691131082984891
546,0.39939304324893304,0.13574653645154464,0.10377827155177577,0.18583726604561893,-0.11161408636567748,0.11612184952766028,0.039519225439302086,0.17957591328656625,0.14002789444859914,-0.12175443871525037,-0.06663147491907213
547,0.39939304324893304,0.13574653645154464,0.10377827155177577,0.18583726604561893,-0.11161408636567748,0.11612184952766028,0.039519225439302086,0.17957591328656625,0.14002789444859914,-0.12175443871525037,-0.06663147491907213
548,0.39939304324893304,0.13574653645154464,0.10377827155177577,0.18583726604561893,-0.11161408636567748,0.11612184952766028,0.039519225439302086,0.17957591328656625,0.14002789444859914,-0.12175443871525037,-0.06663147491907213
549,0.39939304324893304,0.13574653645154464,0.10377827155177577,0.18583726604561893,-0.11161408636567748,0.11612184952766028,0.039519225439302086,0.17957591328656625,0.14002789444859914,-0.12175443871525037,-0.06663147491907213
550,0.39939304324893304,0.13574653645154464,0.10377827155177577,0.18583726604561893,-0.11161408636567748,0.11612184952766028,0.039519225439302086,0.17957591328656625,0.14002789444859914,-0.12175443871525037,-0.06663147491907213
551,0.39939304324893304,0.13574653645154464,0.10377827155177577,0.18583726604561893,-0.11161408636567748,0.11612184952766028,0.039519225439302086,0.17957591328656625,0.14002789444859914,-0.12175443871525037,-0.06663147491907213
552,0.39939304324893304,0.13574653645154464,0.10377827155177577,0.18583726604561893,-0.11161408636567748,0.11612184952766028,0.039519225439302086,0.17957591328656625,0.14002789444859914,-0.12175443871525037,-0.06663147491907213
553,0.39939304324893304,0.13574653645154464,0.10377827155177577,0.18583726604561893,-0.11161408636567748,0.11612184952766028,0.039519225439302086,0.17957591328656625,0.14002789444859914,-0.12175443871525037,-0.06663147491907213
554,0.39939304324893304,0.13574653645154464,0.10377827155177577,0.18583726604561893,-0.11161408636567748,0.11612184952766028,0.039519225439302086,0.17957591328656625,0.14002789444859914,-0.12175443871525037,-0.06663147491907213
555,0.39939304324893304,0.13574653645154464,0.10377827155177577,0.18583726604561893,-0.11161408636567748,0.11612184952766028,0.039519225439302086,0.17957591328656625,0.14002789444859914,-0.12175443871525037,-0.06663147491907213
556,0.39939304324893304,0.13574653645154464,0.10377827155177577,0.18583726604561893,-0.11161408636567748,0.11612184952766028,0.039519225439302086,0.17957591328656625,0.14002789444859914,-0.12175443871525037,-0.06663147491907213
557,0.39939304324893304,0.13574653645154464,0.10377827155177577,0.18583726604561893,-0.11161408636567748,0.11612184952766028,0.039519225439302086,0.17957591328656625,0.14002789444859914,-0.12175443871525037,-0.06663147491907213
558,0.39939304324893304,0.13574653645154464,0.10377827155177577,0.18583726604561893,-0.11161408636567748,0.11612184952766028,0.039519225439302086,0.17957591328656625,0.14002789444859914,-0.12175443871525037,-0.06663147491907213
559,0.39939304324893304,0.13574653645154464,0.10377827155177577,0.18583726604561893,-0.11161408636567748,0.11612184952766028,0.039519225439302086,0.17957591328656625,0.14002789444859914,-0.12175443871525037,-0.06663147491907213
560,0.39939304324893304,0.13574653645154464,0.10377827155177577,0.18583726604561893,-0.11161408636567748,0.11612184952766028,0.039519225439302086,0.17957591328656625,0.14002789444859914,-0.12175443871525037,-0.06663147491907213
561,0.39939304324893304,0.13574653645154464,0.10377827155177577,0.18583726604561893,-0.11161408636567748,0.11612184952766028,0.039519225439302086,0.17957591328656625,0.14002789444859914,-0.12175443871525037,-0.06663147491907213
562,0.39939304324893304,0.13574653645154464,0.10377827155177577,0.18583726604561893,-0.11161408636567748,0.11612184952766028,0.039519225439302086,0.17957591328656625,0.14002789444859914,-0.12175443871525037,-0.06663147491907213
563,0.39939304324893304,0.13574653645154464,0.10377827155177577,0.18583726604561893,-0.11161408636567748,0.11612184952766028,0.039519225439302086,0.17957591328656625,0.14002789444859914,-0.12175443871525037,-0.06663147491907213
564,0.39939304324893304,0.13574653645154464,0.10377827155177577,0.18583726604561893,-0.11161408636567748,0.11612184952766028,0.039519225439302086,0.17957591328656625,0.14002789444859914,-0.12175443871525037,-0.06663147491907213
565,0.39939304324893304,0.13574653645154464,0.10377827155177577,0.18583726604561893,-0.11161408636567748,0.11612184952766028,0.039519225439302086,0.17957591328656625,0.14002789444859914,-0.12175443871525037,-0.06663147491907213
566,0.39939304324893304,0.13574653645154464,0.10377827155177577,0.18583726604561893,-0.11161408636567748,0.11612184952766028,0.039519225439302086,0.17957591328656625,0.14002789444859914,-0.12175443871525037,-0.06663147491907213
567,0.39939304324893304,0.13574653645154464,0.10377827155177577,0.18583726604561893,-0.11161408636567748,0.11612184952766028,0.039519225439302086,0.17957591328656625,0.14002789444859914,-0.12175443871525037,-0.06663147491907213
568,0.39939304324893304,0.13574653645154464,0.10377827155177577,0.18583726604561893,-0.11161408636567748,0.11612184952766028,0.039519225439302086,0.17957591328656625,0.14002789444859914,-0.12175443871525037,-0.06663147491907213
569,0.39939304324893304,0.13574653645154464,0.10377827155177577,0.18583726604561893,-0.11161408636567748,0.11612184952766028,0.039519225439302086,0.17957591328656625,0.14002789444859914,-0.12175443871525037,-0.06663147491907213
570,0.39939304324893304,0.13574653645154464,0.10377827155177577,0.18583726604561893,-0.11161408636567748,0.11612184952766028,0.039519225439302086,0.17957591328656625,0.14002789444859914,-0.12175443871525037,-0.06663147491907213
571,0.39939304324893304,0.13574653645154464,0.10377827155177577,0.18583726604561893,-0.11161408636567748,0.11612184952766028,0.039519225439302086,0.17957591328656625,0.14002789444859914,-0.12175443871525037,-0.06663147491907213
572,0.39939304324893304,0.13574653645154464,0.10377827155177577,0.18583726604561893,-0.11161408636567748,0.11612184952766028,0.039519225439302086,0.17957591328656625,0.14002789444859914,-0.12175443871525037,-0.06663147491907213
573,0.39939304324893304,0.13574653645154464,0.10377827155177577,0.18583726604561893,-0.11161408636567748,0.11612184952766028,0.039519225439302086,0.17957591328656625,0.14002789444859914,-0.12175443871525037,-0.06663147491907213
574,0.39939304324893304,0.13574653645154464,0.10377827155177577,0.18583726604561893,-0.11161408636567748,0.11612184952766028,0.039519225439302086,0.17957591328656625,0.14002789444859914,-0.12175443871525037,-0.06663147491907213
575,0.39939304324893304,0.13574653645154464,0.10377827155177577,0.18583726604561893,-0.11161408636567748,0.11612184952766028,0.039519225439302086,0.17957591328656625,0.14002789444859914,-0.12175443871525037,-0.06663147491907213
576,0.39939304324893304,0.13574653645154464,0.10377827155177577,0.18583726604561893,-0.11161408636567748,0.11612184952766028,0.039519225439302086,0.17957591328656625,0.14002789444859914,-0.12175443871525037,-0.06663147491907213
577,0.078525845231737,0.4717236180810347,0.043771801312207086,0.03920291432091804,0.05927674576308171,0.0403677750253438,0.028371374156675927,0.09887001614840497,0.06260215745447466,0.023068747259860023,0.05421900524626202
578,0.078525845231737,0.4717236180810347,0.043771801312207086,0.03920291432091804,0.05927674576308171,0.0403677750253438,0.028371374156675927,0.09887001614840497,0.06260215745447466,0.023068747259860023,0.05421900524626202
579,0.078525845231737,0.4717236180810347,0.043771801312207086,0.03920291432091804,0.05927674576308171,0.0403677750253438,0.028371374156675927,0.09887001614840497,0.06260215745447466,0.023068747259860023,0.05421900524626202
580,0.078525845231737,0.4717236180810347,0.043771801312207086,0.03920291432091804,0.05927674576308171,0.0403677750253438,0.028371374156675927,0.09887001614840497,0.06260215745447466,0.023068747259860023,0.05421900524626202
581,0.078525845231737,0.4717236180810347,0.043771801312207086,0.03920291432091804,0.05927674576308171,0.0403677750253438,0.028371374156675927,0.09887001614840497,0.06260215745447466,0.023068747259860023,0.05421900524626202
582,0.078525845231737,0.4717236180810347,0.043771801312207086,0.03920291432091804,0.05927674576308171,0.0403677750253438,0.028371374156675927,0.09887001614840497,0.06260215745447466,0.023068747259860023,0.05421900524626202
583,0.078525845231737,0.4717236180810347,0.043771801312207086,0.03920291432091804,0.05927674576308171,0.0403677750253438,0.028371374156675927,0.09887001614840497,0.06260215745447466,0.023068747259860023,0.05421900524626202
584,0.078525845231737,0.4717236180810347,0.043771801312207086,0.03920291432091804,0.05927674576308171,0.0403677750253438,0.028371374156675927,0.09887001614840497,0.06260215745447466,0.023068747259860023,0.05421900524626202
585,0.078525845231737,0.4717236180810347,0.043771801312207086,0.03920291432091804,0.05927674576308171,0.0403677750253438,0.028371374156675927,0.09887001614840497,0.06260215745447466,0.023068747259860023,0.05421900524626202
586,0.078525845231737,0.4717236180810347,0.043771801312207086,0.03920291432091804,0.05927674576308171,0.0403677750253438,0.028371374156675927,0.09887001614840497,0.06260215745447466,0.023068747259860023,0.05421900524626202
587,0.078525845231737,0.4717236180810347,0.043771801312207086,0.03920291432091804,0.05927674576308171,0.0403677750253438,0.028371374156675927,0.09887001614840497,0.06260215745447466,0.023068747259860023,0.05421900524626202
588,0.078525845231737,0.4717236180810347,0.043771801312207086,0.03920291432091804,0.05927674576308171,0.0403677750253438,0.028371374156675927,0.09887001614840497,0.06260215745447466,0.023068747259860023,0.05421900524626202
589,0.078525845231737,0.4717236180810347,0.043771801312207086,0.03920291432091804,0.05927674576308171,0.0403677750253438,0.028371374156675927,0.09887001614840497,0.06260215745447466,0.023068747259860023,0.05421900524626202
590,0.078525845231737,0.4717236180810347,0.043771801312207086,0.03920291432091804,0.05927674576308171,0.0403677750253438,0.028371374156675927,0.09887001614840497,0.06260215745447466,0.023068747259860023,0.05421900524626202
591,0.078525845231737,0.4717236180810347,0.043771801312207086,0.03920291432091804,0.05927674576308171,0.0403677750253438,0.028371374156675927,0.09887001614840497,0.06260215745447466,0.023068747259860023,0.05421900524626202
592,0.078525845231737,0.4717236180810347,0.043771801312207086,0.03920291432091804,0.05927674576308171,0.0403677750253438,0.028371374156675927,0.09887001614840497,0.06260215745447466,0.023068747259860023,0.05421900524626202
593,0.078525845231737,0.4717236180810347,0.043771801312207086,0.03920291432091804,0.05927674576308171,0.0403677750253438,0.028371374156675927,0.09887001614840497,0.06260215745447466,0.023068747259860023,0.05421900524626202
594,0.078525845231737,0.4717236180810347,0.043771801312207086,0.03920291432091804,0.05927674576308171,0.0403677750253438,0.028371374156675927,0.09887001614840497,0.06260215745447466,0.023068747259860023,0.05421900524626202
595,0.078525845231737,0.4717236180810347,0.043771801312207086,0.03920291432091804,0.05927674576308171,0.0403677750253438,0.028371374156675927,0.09887001614840497,0.06260215745447466,0.023068747259860023,0.05421900524626202
596,0.078525845231737,0.4717236180810347,0.043771801312207086,0.03920291432091804,0.05927674576308171,0.0403677750253438,0.028371374156675927,0.09887001614840497,0.06260215745447466,0.023068747259860023,0.05421900524626202
597,0.078525845231737,0.4717236180810347,0.043771801312207086,0.03920291432091804,0.05927674576308171,0.0403677750253438,0.028371374156675927,0.09887001614840497,0.06260215745447466,0.023068747259860023,0.05421900524626202
598,0.078525845231737,0.4717236180810347,0.043771801312207086,0.03920291432091804,0.05927674576308171,0.0403677750253438,0.028371374156675927,0.09887001614840497,0.06260215745447466,0.023068747259860023,0.05421900524626202
599,0.078525845231737,0.4717236180810347,0.043771801312207086,0.03920291432091804,0.05927674576308171,0.0403677750253438,0.028371374156675927,0.09887001614840497,0.06260215745447466,0.023068747259860023,0.05421900524626202
600,0.078525845231737,0.4717236180810347,0.043771801312207086,0.03920291432091804,0.05927674576308171,0.0403677750253438,0.028371374156675927,0.09887001614840497,0.06260215745447466,0.023068747259860023,0.05421900524626202
601,0.078525845231737,0.4717236180810347,0.043771801312207086,0.03920291432091804,0.05927674576308171,0.0403677750253438,0.028371374156675927,0.09887001614840497,0.06260215745447466,0.023068747259860023,0.05421900524626202
602,0.078525845231737,0.4717236180810347,0.043771801312207086,0.03920291432091804,0.05927674576308171,0.0403677750253438,0.028371374156675927,0.09887001614840497,0.06260215745447466,0.023068747259860023,0.05421900524626202
603,0.078525845231737,0.4717236180810347,0.043771801312207086,0.03920291432091804,0.05927674576308171,0.0403677750253438,0.028371374156675927,0.09887001614840497,0.06260215745447466,0.023068747259860023,0.05421900524626202
604,0.078525845231737,0.4717236180810347,0.043771801312207086,0.03920291432091804,0.05927674576308171,0.0403677750253438,0.028371374156675927,0.09887001614840497,0.06260215745447466,0.023068747259860023,0.05421900524626202
605,0.078525845231737,0.4717236180810347,0.043771801312207086,0.03920291432091804,0.05927674576308171,0.0403677750253438,0.028371374156675927,0.09887001614840497,0.06260215745447466,0.023068747259860023,0.05421900524626202
606,0.078525845231737,0.4717236180810347,0.043771801312207086,0.03920291432091804,0.05927674576308171,0.0403677750253438,0.028371374156675927,0.09887001614840497,0.06260215745447466,0.023068747259860023,0.05421900524626202
607,0.078525845231737,0.4717236180810347,0.043771801312207086,0.03920291432091804,0.05927674576308171,0.0403677750253438,0.028371374156675927,0.09887001614840497,0.06260215745447466,0.023068747259860023,0.05421900524626202
608,0.027017959527023263,0.8991914731638255,0.05603902356222666,-0.06218892277486568,-0.13130288249286906,0.0962424311123789,-0.10650819473226524,0.041104430781852684,0.06193582827569331,0.08300273959821151,0.03546611397878811
609,0.027017959527023263,0.8991914731638255,0.05603902356222666,-0.06218892277486568,-0.13130288249286906,0.0962424311123789,-0.10650819473226524,0.041104430781852684,0.06193582827569331,0.08300273959821151,0.03546611397878811
610,0.027017959527023263,0.8991914731638255,0.05603902356222666,-0.06218892277486568,-0.13130288249286906,0.0962424311123789,-0.10650819473226524,0.041104430781852684,0.06193582827569331,0.08300273959821151,0.03546611397878811
611,0.027017959527023263,0.8991914731638255,0.05603902356222666,-0.06218892277486568,-0.13130288249286906,0.0962424311123789,-0.10650819473226524,0.041104430781852684,0.06193582827569331,0.08300273959821151,0.03546611397878811
612,0.027017959527023263,0.8991914731638255,0.05603902356222666,-0.06218892277486568,-0.13130288249286906,0.0962424311123789,-0.10650819473226524,0.041104430781852684,0.06193582827569331,0.08300273959821151,0.03546611397878811
613,0.027017959527023263,0.8991914731638255,0.05603902356222666,-0.06218892277486568,-0.13130288249286906,0.0962424311123789,-0.10650819473226524,0.041104430781852684,0.06193582827569331,0.08300273959821151,0.03546611397878811
614,0.027017959527023263,0.8991914731638255,0.05603902356222666,-0.06218892277486568,-0.13130288249286906,0.0962424311123789,-0.10650819473226524,0.041104430781852684,0.06193582827569331,0.08300273959821151,0.03546611397878811
615,0.027017959527023263,0.8991914731638255,0.05603902356222666,-0.06218892277486568,-0.13130288249286906,0.0962424311123789,-0.10650819473226524,0.041104430781852684,0.06193582827569331,0.08300273959821151,0.03546611397878811
616,0.027017959527023263,0.8991914731638255,0.05603902356222666,-0.06218892277486568,-0.13130288249286906,0.0962424311123789,-0.10650819473226524,0.041104430781852684,0.06193582827569331,0.08300273959821151,0.03546611397878811
617,0.027017959527023263,0.8991914731638255,0.05603902356222666,-0.06218892277486568,-0.13130288249286906,0.0962424311123789,-0.10650819473226524,0.041104430781852684,0.06193582827569331,0.08300273959821151,0.03546611397878811
618,0.027017959527023263,0.8991914731638255,0.05603902356222666,-0.06218892277486568,-0.13130288249286906,0.0962424311123789,-0.10650819473226524,0.041104430781852684,0.06193582827569331,0.08300273959821151,0.03546611397878811
619,0.027017959527023263,0.8991914731638255,0.05603902356222666,-0.06218892277486568,-0.13130288249286906,0.0962424311123789,-0.10650819473226524,0.041104430781852684,0.06193582827569331,0.08300273959821151,0.03546611397878811
620,0.027017959527023263,0.8991914731638255,0.05603902356222666,-0.06218892277486568,-0.13130288249286906,0.0962424311123789,-0.10650819473226524,0.041104430781852684,0.06193582827569331,0.08300273959821151,0.03546611397878811
621,0.027017959527023263,0.8991914731638255,0.05603902356222666,-0.06218892277486568,-0.13130288249286906,0.0962424311123789,-0.10650819473226524,0.041104430781852684,0.06193582827569331,0.08300273959821151,0.03546611397878811
622,0.027017959527023263,0.8991914731638255,0.05603902356222666,-0.06218892277486568,-0.13130288249286906,0.0962424311123789,-0.10650819473226524,0.041104430781852684,0.06193582827569331,0.08300273959821151,0.03546611397878811
623,0.027017959527023263,0.8991914731638255,0.05603902356222666,-0.06218892277486568,-0.13130288249286906,0.0962424311123789,-0.10650819473226524,0.041104430781852684,0.06193582827569331,0.08300273959821151,0.03546611397878811
624,0.027017959527023263,0.8991914731638255,0.05603902356222666,-0.06218892277486568,-0.13130288249286906,0.0962424311123789,-0.10650819473226524,0.041104430781852684,0.06193582827569331,0.08300273959821151,0.03546611397878811
625,0.027017959527023263,0.8991914731638255,0.05603902356222666,-0.06218892277486568,-0.13130288249286906,0.0962424311123789,-0.10650819473226524,0.041104430781852684,0.06193582827569331,0.08300273959821151,0.03546611397878811
626,0.027017959527023263,0.8991914731638255,0.05603902356222666,-0.06218892277486568,-0.13130288249286906,0.0962424311123789,-0.10650819473226524,0.041104430781852684,0.06193582827569331,0.08300273959821151,0.03546611397878811
627,0.027017959527023263,0.8991914731638255,0.05603902356222666,-0.06218892277486568,-0.13130288249286906,0.0962424311123789,-0.10650819473226524,0.041104430781852684,0.06193582827569331,0.08300273959821151,0.03546611397878811
628,0.027017959527023263,0.8991914731638255,0.05603902356222666,-0.06218892277486568,-0.13130288249286906,0.0962424311123789,-0.10650819473226524,0.041104430781852684,0.06193582827569331,0.08300273959821151,0.03546611397878811
629,0.027017959527023263,0.8991914731638255,0.05603902356222666,-0.06218892277486568,-0.13130288249286906,0.0962424311123789,-0.10650819473226524,0.041104430781852684,0.06193582827569331,0.08300273959821151,0.03546611397878811
630,0.027017959527023263,0.8991914731638255,0.05603902356222666,-0.06218892277486568,-0.13130288249286906,0.0962424311123789,-0.10650819473226524,0.041104430781852684,0.06193582827569331,0.08300273959821151,0.03546611397878811
631,0.027017959527023263,0.8991914731638255,0.05603902356222666,-0.06218892277486568,-0.13130288249286906,0.0962424311123789,-0.10650819473226524,0.041104430781852684,0.06193582827569331,0.08300273959821151,0.03546611397878811
632,0.027017959527023263,0.8991914731638255,0.05603902356222666,-0.06218892277486568,-0.13130288249286906,0.0962424311123789,-0.10650819473226524,0.041104430781852684,0.06193582827569331,0.08300273959821151,0.03546611397878811
633,0.027017959527023263,0.8991914731638255,0.05603902356222666,-0.06218892277486568,-0.13130288249286906,0.0962424311123789,-0.10650819473226524,0.041104430781852684,0.06193582827569331,0.08300273959821151,0.03546611397878811
634,0.027017959527023263,0.8991914731638255,0.05603902356222666,-0.06218892277486568,-0.13130288249286906,0.0962424311123789,-0.10650819473226524,0.041104430781852684,0.06193582827569331,0.08300273959821151,0.03546611397878811
635,0.027017959527023263,0.8991914731638255,0.05603902356222666,-0.06218892277486568,-0.13130288249286906,0.0962424311123789,-0.10650819473226524,0.041104430781852684,0.06193582827569331,0.08300273959821151,0.03546611397878811
636,0.027017959527023263,0.8991914731638255,0.05603902356222666,-0.06218892277486568,-0.13130288249286906,0.0962424311123789,-0.10650819473226524,0.041104430781852684,0.06193582827569331,0.08300273959821151,0.03546611397878811
637,0.027017959527023263,0.8991914731638255,0.05603902356222666,-0.06218892277486568,-0.13130288249286906,0.0962424311123789,-0.10650819473226524,0.041104430781852684,0.06193582827569331,0.08300273959821151,0.03546611397878811
638,0.04818370121322447,0.027216850318231338,0.04464813654130812,0.04593039993414699,0.08352814655458303,0.05717489366423164,0.08835376920556343,0.0287746644822975,0.4919929516712082,0.030801782214984412,0.05339470420022093
639,0.04818370121322447,0.027216850318231338,0.04464813654130812,0.04593039993414699,0.08352814655458303,0.05717489366423164,0.08835376920556343,0.0287746644822975,0.4919929516712082,0.030801782214984412,0.05339470420022093
640,0.04818370121322447,0.027216850318231338,0.04464813654130812,0.04593039993414699,0.08352814655458303,0.05717489366423164,0.08835376920556343,0.0287746644822975,0.4919929516712082,0.030801782214984412,0.05339470420022093
641,0.04818370121322447,0.027216850318231338,0.04464813654130812,0.04593039993414699,0.08352814655458303,0.05717489366423164,0.08835376920556343,0.0287746644822975,0.4919929516712082,0.030801782214984412,0.05339470420022093
642,0.04818370121322447,0.027216850318231338,0.04464813654130812,0.04593039993414699,0.08352814655458303,0.05717489366423164,0.08835376920556343,0.0287746644822975,0.4919929516712082,0.030801782214984412,0.05339470420022093
643,0.04818370121322447,0.027216850318231338,0.04464813654130812,0.04593039993414699,0.08352814655458303,0.05717489366423164,0.08835376920556343,0.0287746644822975,0.4919929516712082,0.030801782214984412,0.05339470420022093
644,0.04818370121322447,0.027216850318231338,0.04464813654130812,0.04593039993414699,0.08352814655458303,0.05717489366423164,0.08835376920556343,0.0287746644822975,0.4919929516712082,0.030801782214984412,0.05339470420022093
645,0.04818370121322447,0.027216850318231338,0.04464813654130812,0.04593039993414699,0.08352814655458303,0.05717489366423164,0.08835376920556343,0.0287746644822975,0.4919929516712082,0.030801782214984412,0.05339470420022093
646,0.04818370121322447,0.027216850318231338,0.04464813654130812,0.04593039993414699,0.08352814655458303,0.05717489366423164,0.08835376920556343,0.0287746644822975,0.4919929516712082,0.030801782214984412,0.05339470420022093
647,0.04818370121322447,0.027216850318231338,0.04464813654130812,0.04593039993414699,0.08352814655458303,0.05717489366423164,0.08835376920556343,0.0287746644822975,0.4919929516712082,0.030801782214984412,0.05339470420022093
648,0.04818370121322447,0.027216850318231338,0.04464813654130812,0.04593039993414699,0.08352814655458303,0.05717489366423164,0.08835376920556343,0.0287746644822975,0.4919929516712082,0.030801782214984412,0.05339470420022093
649,0.04818370121322447,0.027216850318231338,0.04464813654130812,0.04593039993414699,0.08352814655458303,0.05717489366423164,0.08835376920556343,0.0287746644822975,0.4919929516712082,0.030801782214984412,0.05339470420022093
650,0.04818370121322447,0.027216850318231338,0.04464813654130812,0.04593039993414699,0.08352814655458303,0.05717489366423164,0.08835376920556343,0.0287746644822975,0.4919929516712082,0.030801782214984412,0.05339470420022093
651,0.04818370121322447,0.027216850318231338,0.04464813654130812,0.04593039993414699,0.08352814655458303,0.05717489366423164,0.08835376920556343,0.0287746644822975,0.4919929516712082,0.030801782214984412,0.05339470420022093
652,0.04818370121322447,0.027216850318231338,0.04464813654130812,0.04593039993414699,0.08352814655458303,0.05717489366423164,0.08835376920556343,0.0287746644822975,0.4919929516712082,0.030801782214984412,0.05339470420022093
653,0.04818370121322447,0.027216850318231338,0.04464813654130812,0.04593039993414699,0.08352814655458303,0.05717489366423164,0.08835376920556343,0.0287746644822975,0.4919929516712082,0.030801782214984412,0.05339470420022093
654,0.04818370121322447,0.027216850318231338,0.04464813654130812,0.04593039993414699,0.08352814655458303,0.05717489366423164,0.08835376920556343,0.0287746644822975,0.4919929516712082,0.030801782214984412,0.05339470420022093
655,0.04818370121322447,0.027216850318231338,0.04464813654130812,0.04593039993414699,0.08352814655458303,0.05717489366423164,0.08835376920556343,0.0287746644822975,0.4919929516712082,0.030801782214984412,0.05339470420022093
656,0.04818370121322447,0.027216850318231338,0.04464813654130812,0.04593039993414699,0.08352814655458303,0.05717489366423164,0.08835376920556343,0.0287746644822975,0.4919929516712082,0.030801782214984412,0.05339470420022093
657,0.04818370121322447,0.027216850318231338,0.04464813654130812,0.04593039993414699,0.08352814655458303,0.05717489366423164,0.08835376920556343,0.0287746644822975,0.4919929516712082,0.030801782214984412,0.05339470420022093
658,0.04818370121322447,0.027216850318231338,0.04464813654130812,0.04593039993414699,0.08352814655458303,0.05717489366423164,0.08835376920556343,0.0287746644822975,0.4919929516712082,0.030801782214984412,0.05339470420022093
659,0.04818370121322447,0.027216850318231338,0.04464813654130812,0.04593039993414699,0.08352814655458303,0.05717489366423164,0.08835376920556343,0.0287746644822975,0.4919929516712082,0.030801782214984412,0.05339470420022093
660,0.04818370121322447,0.027216850318231338,0.04464813654130812,0.04593039993414699,0.08352814655458303,0.05717489366423164,0.08835376920556343,0.0287746644822975,0.4919929516712082,0.030801782214984412,0.05339470420022093
661,0.04818370121322447,0.027216850318231338,0.04464813654130812,0.04593039993414699,0.08352814655458303,0.05717489366423164,0.08835376920556343,0.0287746644822975,0.4919929516712082,0.030801782214984412,0.05339470420022093
662,0.04818370121322447,0.027216850318231338,0.04464813654130812,0.04593039993414699,0.08352814655458303,0.05717489366423164,0.08835376920556343,0.0287746644822975,0.4919929516712082,0.030801782214984412,0.05339470420022093
663,0.04818370121322447,0.027216850318231338,0.04464813654130812,0.04593039993414699,0.08352814655458303,0.05717489366423164,0.08835376920556343,0.0287746644822975,0.4919929516712082,0.030801782214984412,0.05339470420022093
664,0.04818370121322447,0.027216850318231338,0.04464813654130812,0.04593039993414699,0.08352814655458303,0.05717489366423164,0.08835376920556343,0.0287746644822975,0.4919929516712082,0.030801782214984412,0.05339470420022093
665,0.04818370121322447,0.027216850318231338,0.04464813654130812,0.04593039993414699,0.08352814655458303,0.05717489366423164,0.08835376920556343,0.0287746644822975,0.4919929516712082,0.030801782214984412,0.05339470420022093
666,0.04818370121322447,0.027216850318231338,0.04464813654130812,0.04593039993414699,0.08352814655458303,0.05717489366423164,0.08835376920556343,0.0287746644822975,0.4919929516712082,0.030801782214984412,0.05339470420022093
667,0.04818370121322447,0.027216850318231338,0.04464813654130812,0.04593039993414699,0.08352814655458303,0.05717489366423164,0.08835376920556343,0.0287746644822975,0.4919929516712082,0.030801782214984412,0.05339470420022093
668,0.04818370121322447,0.027216850318231338,0.04464813654130812,0.04593039993414699,0.08352814655458303,0.05717489366423164,0.08835376920556343,0.0287746644822975,0.4919929516712082,0.030801782214984412,0.05339470420022093
669,0.0611932334904175,0.09020074480829239,0.28899817118615134,0.07821285390498892,0.07623643251003494,0.04766896225773232,0.05410234523317433,0.04427268335433874,0.0574736669909006,0.06013683889121219,0.14150406737275661
670,0.0611932334904175,0.09020074480829239,0.28899817118615134,0.07821285390498892,0.07623643251003494,0.04766896225773232,0.05410234523317433,0.04427268335433874,0.0574736669909006,0.06013683889121219,0.14150406737275661
671,0.0611932334904175,0.09020074480829239,0.28899817118615134,0.07821285390498892,0.07623643251003494,0.04766896225773232,0.05410234523317433,0.04427268335433874,0.0574736669909006,0.06013683889121219,0.14150406737275661
672,0.0611932334904175,0.09020074480829239,0.28899817118615134,0.07821285390498892,0.07623643251003494,0.04766896225773232,0.05410234523317433,0.04427268335433874,0.0574736669909006,0.06013683889121219,0.14150406737275661
673,0.0611932334904175,0.09020074480829239,0.28899817118615134,0.07821285390498892,0.07623643251003494,0.04766896225773232,0.05410234523317433,0.04427268335433874,0.0574736669909006,0.06013683889121219,0.14150406737275661
674,0.0611932334904175,0.09020074480829239,0.28899817118615134,0.07821285390498892,0.07623643251003494,0.04766896225773232,0.05410234523317433,0.04427268335433874,0.0574736669909006,0.06013683889121219,0.14150406737275661
675,0.0611932334904175,0.09020074480829239,0.28899817118615134,0.07821285390498892,0.07623643251003494,0.04766896225773232,0.05410234523317433,0.04427268335433874,0.0574736669909006,0.06013683889121219,0.14150406737275661
676,0.0611932334904175,0.09020074480829239,0.28899817118615134,0.07821285390498892,0.07623643251003494,0.04766896225773232,0.05410234523317433,0.04427268335433874,0.0574736669909006,0.06013683889121219,0.14150406737275661
677,0.0611932334904175,0.09020074480829239,0.28899817118615134,0.07821285390498892,0.07623643251003494,0.04766896225773232,0.05410234523317433,0.04427268335433874,0.0574736669909006,0.06013683889121219,0.14150406737275661
678,0.0611932334904175,0.09020074480829239,0.28899817118615134,0.07821285390498892,0.07623643251003494,0.04766896225773232,0.05410234523317433,0.04427268335433874,0.0574736669909006,0.06013683889121219,0.14150406737275661
679,0.0611932334904175,0.09020074480829239,0.28899817118615134,0.07821285390498892,0.07623643251003494,0.04766896225773232,0.05410234523317433,0.04427268335433874,0.0574736669909006,0.06013683889121219,0.14150406737275661
680,0.0611932334904175,0.09020074480829239,0.28899817118615134,0.07821285390498892,0.07623643251003494,0.04766896225773232,0.05410234523317433,0.04427268335433874,0.0574736669909006,0.06013683889121219,0.14150406737275661
681,0.0611932334904175,0.09020074480829239,0.28899817118615134,0.07821285390498892,0.07623643251003494,0.04766896225773232,0.05410234523317433,0.04427268335433874,0.0574736669909006,0.06013683889121219,0.14150406737275661
682,0.0611932334904175,0.09020074480829239,0.28899817118615134,0.07821285390498892,0.07623643251003494,0.04766896225773232,0.05410234523317433,0.04427268335433874,0.0574736669909006,0.06013683889121219,0.14150406737275661
683,0.0611932334904175,0.09020074480829239,0.28899817118615134,0.07821285390498892,0.07623643251003494,0.04766896225773232,0.05410234523317433,0.04427268335433874,0.0574736669909006,0.06013683889121219,0.14150406737275661
684,0.0611932334904175,0.09020074480829239,0.28899817118615134,0.07821285390498892,0.07623643251003494,0.04766896225773232,0.05410234523317433,0.04427268335433874,0.0574736669909006,0.06013683889121219,0.14150406737275661
685,0.0611932334904175,0.09020074480829239,0.28899817118615134,0.07821285390498892,0.07623643251003494,0.04766896225773232,0.05410234523317433,0.04427268335433874,0.0574736669909006,0.06013683889121219,0.14150406737275661
686,0.0611932334904175,0.09020074480829239,0.28899817118615134,0.07821285390498892,0.07623643251003494,0.04766896225773232,0.05410234523317433,0.04427268335433874,0.0574736669909006,0.06013683889121219,0.14150406737275661
687,0.0611932334904175,0.09020074480829239,0.28899817118615134,0.07821285390498892,0.07623643251003494,0.04766896225773232,0.05410234523317433,0.04427268335433874,0.0574736669909006,0.06013683889121219,0.14150406737275661
688,0.0611932334904175,0.09020074480829239,0.28899817118615134,0.07821285390498892,0.07623643251003494,0.04766896225773232,0.05410234523317433,0.04427268335433874,0.0574736669909006,0.06013683889121219,0.14150406737275661
689,0.0611932334904175,0.09020074480829239,0.28899817118615134,0.07821285390498892,0.07623643251003494,0.04766896225773232,0.05410234523317433,0.04427268335433874,0.0574736669909006,0.06013683889121219,0.14150406737275661
690,0.0611932334904175,0.09020074480829239,0.28899817118615134,0.07821285390498892,0.07623643251003494,0.04766896225773232,0.05410234523317433,0.04427268335433874,0.0574736669909006,0.06013683889121219,0.14150406737275661
691,0.0611932334904175,0.09020074480829239,0.28899817118615134,0.07821285390498892,0.07623643251003494,0.04766896225773232,0.05410234523317433,0.04427268335433874,0.0574736669909006,0.06013683889121219,0.14150406737275661
692,0.0611932334904175,0.09020074480829239,0.28899817118615134,0.07821285390498892,0.07623643251003494,0.04766896225773232,0.05410234523317433,0.04427268335433874,0.0574736669909006,0.06013683889121219,0.14150406737275661
693,0.0611932334904175,0.09020074480829239,0.28899817118615134,0.07821285390498892,0.07623643251003494,0.04766896225773232,0.05410234523317433,0.04427268335433874,0.0574736669909006,0.06013683889121219,0.14150406737275661
694,0.0611932334904175,0.09020074480829239,0.28899817118615134,0.07821285390498892,0.07623643251003494,0.04766896225773232,0.05410234523317433,0.04427268335433874,0.0574736669909006,0.06013683889121219,0.14150406737275661
695,0.0611932334904175,0.09020074480829239,0.28899817118615134,0.07821285390498892,0.07623643251003494,0.04766896225773232,0.05410234523317433,0.04427268335433874,0.0574736669909006,0.06013683889121219,0.14150406737275661
696,0.0611932334904175,0.09020074480829239,0.28899817118615134,0.07821285390498892,0.07623643251003494,0.04766896225773232,0.05410234523317433,0.04427268335433874,0.0574736669909006,0.06013683889121219,0.14150406737275661
697,0.0611932334904175,0.09020074480829239,0.28899817118615134,0.07821285390498892,0.07623643251003494,0.04766896225773232,0.05410234523317433,0.04427268335433874,0.0574736669909006,0.06013683889121219,0.14150406737275661
698,0.0611932334904175,0.09020074480829239,0.28899817118615134,0.07821285390498892,0.07623643251003494,0.04766896225773232,0.05410234523317433,0.04427268335433874,0.0574736669909006,0.06013683889121219,0.14150406737275661
699,0.10446078748374536,0.09141154920991001,0.07679543605362997,0.12572744413554024,0.18704845614709908,0.08023203402751122,0.08018379669731654,0.04446716397127854,0.07161484829900781,0.039339540539229716,0.09871894343573165
700,0.10446078748374536,0.09141154920991001,0.07679543605362997,0.12572744413554024,0.18704845614709908,0.08023203402751122,0.08018379669731654,0.04446716397127854,0.07161484829900781,0.039339540539229716,0.09871894343573165
701,0.10446078748374536,0.09141154920991001,0.07679543605362997,0.12572744413554024,0.18704845614709908,0.08023203402751122,0.08018379669731654,0.04446716397127854,0.07161484829900781,0.039339540539229716,0.09871894343573165
702,0.10446078748374536,0.09141154920991001,0.07679543605362997,0.12572744413554024,0.18704845614709908,0.08023203402751122,0.08018379669731654,0.04446716397127854,0.07161484829900781,0.039339540539229716,0.09871894343573165
703,0.10446078748374536,0.09141154920991001,0.07679543605362997,0.12572744413554024,0.18704845614709908,0.08023203402751122,0.08018379669731654,0.04446716397127854,0.07161484829900781,0.039339540539229716,0.09871894343573165
704,0.10446078748374536,0.09141154920991001,0.07679543605362997,0.12572744413554024,0.18704845614709908,0.08023203402751122,0.08018379669731654,0.04446716397127854,0.07161484829900781,0.039339540539229716,0.09871894343573165
705,0.10446078748374536,0.09141154920991001,0.07679543605362997,0.12572744413554024,0.18704845614709908,0.08023203402751122,0.08018379669731654,0.04446716397127854,0.07161484829900781,0.039339540539229716,0.09871894343573165
706,0.10446078748374536,0.09141154920991001,0.07679543605362997,0.12572744413554024,0.18704845614709908,0.08023203402751122,0.08018379669731654,0.04446716397127854,0.07161484829900781,0.039339540539229716,0.09871894343573165
707,0.10446078748374536,0.09141154920991001,0.07679543605362997,0.12572744413554024,0.18704845614709908,0.08023203402751122,0.08018379669731654,0.04446716397127854,0.07161484829900781,0.039339540539229716,0.09871894343573165
708,0.10446078748374536,0.09141154920991001,0.07679543605362997,0.12572744413554024,0.18704845614709908,0.08023203402751122,0.08018379669731654,0.04446716397127854,0.07161484829900781,0.039339540539229716,0.09871894343573165
709,0.10446078748374536,0.09141154920991001,0.07679543605362997,0.12572744413554024,0.18704845614709908,0.08023203402751122,0.08018379669731654,0.04446716397127854,0.07161484829900781,0.039339540539229716,0.09871894343573165
710,0.10446078748374536,0.09141154920991001,0.07679543605362997,0.12572744413554024,0.18704845614709908,0.08023203402751122,0.08018379669731654,0.04446716397127854,0.07161484829900781,0.039339540539229716,0.09871894343573165
711,0.10446078748374536,0.09141154920991001,0.07679543605362997,0.12572744413554024,0.18704845614709908,0.08023203402751122,0.08018379669731654,0.04446716397127854,0.07161484829900781,0.039339540539229716,0.09871894343573165
712,0.10446078748374536,0.09141154920991001,0.07679543605362997,0.12572744413554024,0.18704845614709908,0.08023203402751122,0.08018379669731654,0.04446716397127854,0.07161484829900781,0.039339540539229716,0.09871894343573165
713,0.10446078748374536,0.09141154920991001,0.07679543605362997,0.12572744413554024,0.18704845614709908,0.08023203402751122,0.08018379669731654,0.04446716397127854,0.07161484829900781,0.039339540539229716,0.09871894343573165
714,0.10446078748374536,0.09141154920991001,0.07679543605362997,0.12572744413554024,0.18704845614709908,0.08023203402751122,0.08018379669731654,0.04446716397127854,0.07161484829900781,0.039339540539229716,0.09871894343573165
715,0.10446078748374536,0.09141154920991001,0.07679543605362997,0.12572744413554024,0.18704845614709908,0.08023203402751122,0.08018379669731654,0.04446716397127854,0.07161484829900781,0.039339540539229716,0.09871894343573165
716,0.10446078748374536,0.09141154920991001,0.07679543605362997,0.12572744413554024,0.18704845614709908,0.08023203402751122,0.08018379669731654,0.04446716397127854,0.07161484829900781,0.039339540539229716,0.09871894343573165
717,0.10446078748374536,0.09141154920991001,0.07679543605362997,0.12572744413554024,0.18704845614709908,0.08023203402751122,0.08018379669731654,0.04446716397127854,0.07161484829900781,0.039339540539229716,0.09871894343573165
718,0.10446078748374536,0.09141154920991001,0.07679543605362997,0.12572744413554024,0.18704845614709908,0.08023203402751122,0.08018379669731654,0.04446716397127854,0.07161484829900781,0.039339540539229716,0.09871894343573165
719,0.10446078748374536,0.09141154920991001,0.07679543605362997,0.12572744413554024,0.18704845614709908,0.08023203402751122,0.08018379669731654,0.04446716397127854,0.07161484829900781,0.039339540539229716,0.09871894343573165
720,0.10446078748374536,0.09141154920991001,0.07679543605362997,0.12572744413554024,0.18704845614709908,0.08023203402751122,0.08018379669731654,0.04446716397127854,0.07161484829900781,0.039339540539229716,0.09871894343573165
721,0.10446078748374536,0.09141154920991001,0.07679543605362997,0.12572744413554024,0.18704845614709908,0.08023203402751122,0.08018379669731654,0.04446716397127854,0.07161484829900781,0.039339540539229716,0.09871894343573165
722,0.10446078748374536,0.09141154920991001,0.07679543605362997,0.12572744413554024,0.18704845614709908,0.08023203402751122,0.08018379669731654,0.04446716397127854,0.07161484829900781,0.039339540539229716,0.09871894343573165
723,0.10446078748374536,0.09141154920991001,0.07679543605362997,0.12572744413554024,0.18704845614709908,0.08023203402751122,0.08018379669731654,0.04446716397127854,0.07161484829900781,0.039339540539229716,0.09871894343573165
724,0.10446078748374536,0.09141154920991001,0.07679543605362997,0.12572744413554024,0.18704845614709908,0.08023203402751122,0.08018379669731654,0.04446716397127854,0.07161484829900781,0.039339540539229716,0.09871894343573165
725,0.10446078748374536,0.09141154920991001,0.07679543605362997,0.12572744413554024,0.18704845614709908,0.08023203402751122,0.08018379669731654,0.04446716397127854,0.07161484829900781,0.039339540539229716,0.09871894343573165
726,0.10446078748374536,0.09141154920991001,0.07679543605362997,0.12572744413554024,0.18704845614709908,0.08023203402751122,0.08018379669731654,0.04446716397127854,0.07161484829900781,0.039339540539229716,0.09871894343573165
727,0.10446078748374536,0.09141154920991001,0.07679543605362997,0.12572744413554024,0.18704845614709908,0.08023203402751122,0.08018379669731654,0.04446716397127854,0.07161484829900781,0.039339540539229716,0.09871894343573165
728,0.10446078748374536,0.09141154920991001,0.07679543605362997,0.12572744413554024,0.18704845614709908,0.08023203402751122,0.08018379669731654,0.04446716397127854,0.07161484829900781,0.039339540539229716,0.09871894343573165
729,0.10446078748374536,0.09141154920991001,0.07679543605362997,0.12572744413554024,0.18704845614709908,0.08023203402751122,0.08018379669731654,0.04446716397127854,0.07161484829900781,0.039339540539229716,0.09871894343573165
730,-0.09647994941212615,0.8175430255353715,-0.05784280294626667,-0.012049245622236034,0.045689855207848795,0.015457241666688971,0.21067094834842348,0.019606876651625377,0.15098690610644128,0.04004514648360032,-0.1336280020193711
731,-0.09647994941212615,0.8175430255353715,-0.05784280294626667,-0.012049245622236034,0.045689855207848795,0.015457241666688971,0.21067094834842348,0.019606876651625377,0.15098690610644128,0.04004514648360032,-0.1336280020193711
732,-0.09647994941212615,0.8175430255353715,-0.05784280294626667,-0.012049245622236034,0.045689855207848795,0.015457241666688971,0.21067094834842348,0.019606876651625377,0.15098690610644128,0.04004514648360032,-0.1336280020193711
733,-0.09647994941212615,0.8175430255353715,-0.05784280294626667,-0.012049245622236034,0.045689855207848795,0.015457241666688971,0.21067094834842348,0.019606876651625377,0.15098690610644128,0.04004514648360032,-0.1336280020193711
734,-0.09647994941212615,0.8175430255353715,-0.05784280294626667,-0.012049245622236034,0.045689855207848795,0.015457241666688971,0.21067094834842348,0.019606876651625377,0.15098690610644128,0.04004514648360032,-0.1336280020193711
735,-0.09647994941212615,0.8175430255353715,-0.05784280294626667,-0.012049245622236034,0.045689855207848795,0.015457241666688971,0.21067094834842348,0.019606876651625377,0.15098690610644128,0.04004514648360032,-0.1336280020193711
736,-0.09647994941212615,0.8175430255353715,-0.05784280294626667,-0.012049245622236034,0.045689855207848795,0.015457241666688971,0.21067094834842348,0.019606876651625377,0.15098690610644128,0.04004514648360032,-0.1336280020193711
737,-0.09647994941212615,0.8175430255353715,-0.05784280294626667,-0.012049245622236034,0.045689855207848795,0.015457241666688971,0.21067094834842348,0.019606876651625377,0.15098690610644128,0.04004514648360032,-0.1336280020193711
738,-0.09647994941212615,0.8175430255353715,-0.05784280294626667,-0.012049245622236034,0.045689855207848795,0.015457241666688971,0.21067094834842348,0.019606876651625377,0.15098690610644128,0.04004514648360032,-0.1336280020193711
739,-0.09647994941212615,0.8175430255353715,-0.05784280294626667,-0.012049245622236034,0.045689855207848795,0.015457241666688971,0.21067094834842348,0.019606876651625377,0.15098690610644128,0.04004514648360032,-0.1336280020193711
740,-0.09647994941212615,0.8175430255353715,-0.05784280294626667,-0.012049245622236034,0.045689855207848795,0.015457241666688971,0.21067094834842348,0.019606876651625377,0.15098690610644128,0.04004514648360032,-0.1336280020193711
741,-0.09647994941212615,0.8175430255353715,-0.05784280294626667,-0.012049245622236034,0.045689855207848795,0.015457241666688971,0.21067094834842348,0.019606876651625377,0.15098690610644128,0.04004514648360032,-0.1336280020193711
742,-0.09647994941212615,0.8175430255353715,-0.05784280294626667,-0.012049245622236034,0.045689855207848795,0.015457241666688971,0.21067094834842348,0.019606876651625377,0.15098690610644128,0.04004514648360032,-0.1336280020193711
743,-0.09647994941212615,0.8175430255353715,-0.05784280294626667,-0.012049245622236034,0.045689855207848795,0.015457241666688971,0.21067094834842348,0.019606876651625377,0.15098690610644128,0.04004514648360032,-0.1336280020193711
744,-0.09647994941212615,0.8175430255353715,-0.05784280294626667,-0.012049245622236034,0.045689855207848795,0.015457241666688971,0.21067094834842348,0.019606876651625377,0.15098690610644128,0.04004514648360032,-0.1336280020193711
745,-0.09647994941212615,0.8175430255353715,-0.05784280294626667,-0.012049245622236034,0.045689855207848795,0.015457241666688971,0.21067094834842348,0.019606876651625377,0.15098690610644128,0.04004514648360032,-0.1336280020193711
746,-0.09647994941212615,0.8175430255353715,-0.05784280294626667,-0.012049245622236034,0.045689855207848795,0.015457241666688971,0.21067094834842348,0.019606876651625377,0.15098690610644128,0.04004514648360032,-0.1336280020193711
747,-0.09647994941212615,0.8175430255353715,-0.05784280294626667,-0.012049245622236034,0.045689855207848795,0.015457241666688971,0.21067094834842348,0.019606876651625377,0.15098690610644128,0.04004514648360032,-0.1336280020193711
748,-0.09647994941212615,0.8175430255353715,-0.05784280294626667,-0.012049245622236034,0.045689855207848795,0.015457241666688971,0.21067094834842348,0.019606876651625377,0.15098690610644128,0.04004514648360032,-0.1336280020193711
749,-0.09647994941212615,0.8175430255353715,-0.05784280294626667,-0.012049245622236034,0.045689855207848795,0.015457241666688971,0.21067094834842348,0.019606876651625377,0.15098690610644128,0.04004514648360032,-0.1336280020193711
750,-0.09647994941212615,0.8175430255353715,-0.05784280294626667,-0.012049245622236034,0.045689855207848795,0.015457241666688971,0.21067094834842348,0.019606876651625377,0.15098690610644128,0.04004514648360032,-0.1336280020193711
751,-0.09647994941212615,0.8175430255353715,-0.05784280294626667,-0.012049245622236034,0.045689855207848795,0.015457241666688971,0.21067094834842348,0.019606876651625377,0.15098690610644128,0.04004514648360032,-0.1336280020193711
752,-0.09647994941212615,0.8175430255353715,-0.05784280294626667,-0.012049245622236034,0.045689855207848795,0.015457241666688971,0.21067094834842348,0.019606876651625377,0.15098690610644128,0.04004514648360032,-0.1336280020193711
753,-0.09647994941212615,0.8175430255353715,-0.05784280294626667,-0.012049245622236034,0.045689855207848795,0.015457241666688971,0.21067094834842348,0.019606876651625377,0.15098690610644128,0.04004514648360032,-0.1336280020193711
754,-0.09647994941212615,0.8175430255353715,-0.05784280294626667,-0.012049245622236034,0.045689855207848795,0.015457241666688971,0.21067094834842348,0.019606876651625377,0.15098690610644128,0.04004514648360032,-0.1336280020193711
755,-0.09647994941212615,0.8175430255353715,-0.05784280294626667,-0.012049245622236034,0.045689855207848795,0.015457241666688971,0.21067094834842348,0.019606876651625377,0.15098690610644128,0.04004514648360032,-0.1336280020193711
756,-0.09647994941212615,0.8175430255353715,-0.05784280294626667,-0.012049245622236034,0.045689855207848795,0.015457241666688971,0.21067094834842348,0.019606876651625377,0.15098690610644128,0.04004514648360032,-0.1336280020193711
757,-0.09647994941212615,0.8175430255353715,-0.05784280294626667,-0.012049245622236034,0.045689855207848795,0.015457241666688971,0.21067094834842348,0.019606876651625377,0.15098690610644128,0.04004514648360032,-0.1336280020193711
758,-0.09647994941212615,0.8175430255353715,-0.05784280294626667,-0.012049245622236034,0.045689855207848795,0.015457241666688971,0.21067094834842348,0.019606876651625377,0.15098690610644128,0.04004514648360032,-0.1336280020193711
759,-0.09647994941212615,0.8175430255353715,-0.05784280294626667,-0.012049245622236034,0.045689855207848795,0.015457241666688971,0.21067094834842348,0.019606876651625377,0.15098690610644128,0.04004514648360032,-0.1336280020193711
760,-0.09647994941212615,0.8175430255353715,-0.05784280294626667,-0.012049245622236034,0.045689855207848795,0.015457241666688971,0.21067094834842348,0.019606876651625377,0.15098690610644128,0.04004514648360032,-0.1336280020193711
761,0.014349103266495009,0.028386737952178335,0.06397716147905952,-0.0901945928900088,0.10936409770621877,0.8941069761597913,0.11787583696605074,-0.2098054071099911,0.03495588355510064,0.01788321904995974,0.019100983865145978
762,0.014349103266495009,0.028386737952178335,0.06397716147905952,-0.0901945928900088,0.10936409770621877,0.8941069761597913,0.11787583696605074,-0.2098054071099911,0.03495588355510064,0.01788321904995974,0.019100983865145978
763,0.014349103266495009,0.028386737952178335,0.06397716147905952,-0.0901945928900088,0.10936409770621877,0.8941069761597913,0.11787583696605074,-0.2098054071099911,0.03495588355510064,0.01788321904995974,0.019100983865145978
764,0.014349103266495009,0.028386737952178335,0.06397716147905952,-0.0901945928900088,0.10936409770621877,0.8941069761597913,0.11787583696605074,-0.2098054071099911,0.03495588355510064,0.01788321904995974,0.019100983865145978
765,0.014349103266495009,0.028386737952178335,0.06397716147905952,-0.0901945928900088,0.10936409770621877,0.8941069761597913,0.11787583696605074,-0.2098054071099911,0.03495588355510064,0.01788321904995974,0.019100983865145978
766,0.014349103266495009,0.028386737952178335,0.06397716147905952,-0.0901945928900088,0.10936409770621877,0.8941069761597913,0.11787583696605074,-0.2098054071099911,0.03495588355510064,0.01788321904995974,0.019100983865145978
767,0.014349103266495009,0.028386737952178335,0.06397716147905952,-0.0901945928900088,0.10936409770621877,0.8941069761597913,0.11787583696605074,-0.2098054071099911,0.03495588355510064,0.01788321904995974,0.019100983865145978
768,0.014349103266495009,0.028386737952178335,0.06397716147905952,-0.0901945928900088,0.10936409770621877,0.8941069761597913,0.11787583696605074,-0.2098054071099911,0.03495588355510064,0.01788321904995974,0.019100983865145978
769,0.014349103266495009,0.028386737952178335,0.06397716147905952,-0.0901945928900088,0.10936409770621877,0.8941069761597913,0.11787583696605074,-0.2098054071099911,0.03495588355510064,0.01788321904995974,0.019100983865145978
770,0.014349103266495009,0.028386737952178335,0.06397716147905952,-0.0901945928900088,0.10936409770621877,0.8941069761597913,0.11787583696605074,-0.2098054071099911,0.03495588355510064,0.01788321904995974,0.019100983865145978
771,0.014349103266495009,0.028386737952178335,0.06397716147905952,-0.0901945928900088,0.10936409770621877,0.8941069761597913,0.11787583696605074,-0.2098054071099911,0.03495588355510064,0.01788321904995974,0.019100983865145978
772,0.014349103266495009,0.028386737952178335,0.06397716147905952,-0.0901945928900088,0.10936409770621877,0.8941069761597913,0.11787583696605074,-0.2098054071099911,0.03495588355510064,0.01788321904995974,0.019100983865145978
773,0.014349103266495009,0.028386737952178335,0.06397716147905952,-0.0901945928900088,0.10936409770621877,0.8941069761597913,0.11787583696605074,-0.2098054071099911,0.03495588355510064,0.01788321904995974,0.019100983865145978
774,0.014349103266495009,0.028386737952178335,0.06397716147905952,-0.0901945928900088,0.10936409770621877,0.8941069761597913,0.11787583696605074,-0.2098054071099911,0.03495588355510064,0.01788321904995974,0.019100983865145978
775,0.014349103266495009,0.028386737952178335,0.06397716147905952,-0.0901945928900088,0.10936409770621877,0.8941069761597913,0.11787583696605074,-0.2098054071099911,0.03495588355510064,0.01788321904995974,0.019100983865145978
776,0.014349103266495009,0.028386737952178335,0.06397716147905952,-0.0901945928900088,0.10936409770621877,0.8941069761597913,0.11787583696605074,-0.2098054071099911,0.03495588355510064,0.01788321904995974,0.019100983865145978
777,0.014349103266495009,0.028386737952178335,0.06397716147905952,-0.0901945928900088,0.10936409770621877,0.8941069761597913,0.11787583696605074,-0.2098054071099911,0.03495588355510064,0.01788321904995974,0.019100983865145978
778,0.014349103266495009,0.028386737952178335,0.06397716147905952,-0.0901945928900088,0.10936409770621877,0.8941069761597913,0.11787583696605074,-0.2098054071099911,0.03495588355510064,0.01788321904995974,0.019100983865145978
779,0.014349103266495009,0.028386737952178335,0.06397716147905952,-0.0901945928900088,0.10936409770621877,0.8941069761597913,0.11787583696605074,-0.2098054071099911,0.03495588355510064,0.01788321904995974,0.019100983865145978
780,0.014349103266495009,0.028386737952178335,0.06397716147905952,-0.0901945928900088,0.10936409770621877,0.8941069761597913,0.11787583696605074,-0.2098054071099911,0.03495588355510064,0.01788321904995974,0.019100983865145978
781,0.014349103266495009,0.028386737952178335,0.06397716147905952,-0.0901945928900088,0.10936409770621877,0.8941069761597913,0.11787583696605074,-0.2098054071099911,0.03495588355510064,0.01788321904995974,0.019100983865145978
782,0.014349103266495009,0.028386737952178335,0.06397716147905952,-0.0901945928900088,0.10936409770621877,0.8941069761597913,0.11787583696605074,-0.2098054071099911,0.03495588355510064,0.01788321904995974,0.019100983865145978
783,0.014349103266495009,0.028386737952178335,0.06397716147905952,-0.0901945928900088,0.10936409770621877,0.8941069761597913,0.11787583696605074,-0.2098054071099911,0.03495588355510064,0.01788321904995974,0.019100983865145978
784,0.014349103266495009,0.028386737952178335,0.06397716147905952,-0.0901945928900088,0.10936409770621877,0.8941069761597913,0.11787583696605074,-0.2098054071099911,0.03495588355510064,0.01788321904995974,0.019100983865145978
785,0.014349103266495009,0.028386737952178335,0.06397716147905952,-0.0901945928900088,0.10936409770621877,0.8941069761597913,0.11787583696605074,-0.2098054071099911,0.03495588355510064,0.01788321904995974,0.019100983865145978
786,0.014349103266495009,0.028386737952178335,0.06397716147905952,-0.0901945928900088,0.10936409770621877,0.8941069761597913,0.11787583696605074,-0.2098054071099911,0.03495588355510064,0.01788321904995974,0.019100983865145978
787,0.014349103266495009,0.028386737952178335,0.06397716147905952,-0.0901945928900088,0.10936409770621877,0.8941069761597913,0.11787583696605074,-0.2098054071099911,0.03495588355510064,0.01788321904995974,0.019100983865145978
788,0.014349103266495009,0.028386737952178335,0.06397716147905952,-0.0901945928900088,0.10936409770621877,0.8941069761597913,0.11787583696605074,-0.2098054071099911,0.03495588355510064,0.01788321904995974,0.019100983865145978
789,0.06766879452302407,0.07369594666541072,0.1179483071948429,0.07153292706249592,0.0628401323737312,0.07523305905884307,0.057571909562124574,0.06026956867612259,0.0841428483284052,0.12918967090220007,0.19990683565279968
790,0.06766879452302407,0.07369594666541072,0.1179483071948429,0.07153292706249592,0.0628401323737312,0.07523305905884307,0.057571909562124574,0.06026956867612259,0.0841428483284052,0.12918967090220007,0.19990683565279968
791,0.06766879452302407,0.07369594666541072,0.1179483071948429,0.07153292706249592,0.0628401323737312,0.07523305905884307,0.057571909562124574,0.06026956867612259,0.0841428483284052,0.12918967090220007,0.19990683565279968
792,0.06766879452302407,0.07369594666541072,0.1179483071948429,0.07153292706249592,0.0628401323737312,0.07523305905884307,0.057571909562124574,0.06026956867612259,0.0841428483284052,0.12918967090220007,0.19990683565279968
793,0.06766879452302407,0.07369594666541072,0.1179483071948429,0.07153292706249592,0.0628401323737312,0.07523305905884307,0.057571909562124574,0.06026956867612259,0.0841428483284052,0.12918967090220007,0.19990683565279968
794,0.06766879452302407,0.07369594666541072,0.1179483071948429,0.07153292706249592,0.0628401323737312,0.07523305905884307,0.057571909562124574,0.06026956867612259,0.0841428483284052,0.12918967090220007,0.19990683565279968
795,0.06766879452302407,0.07369594666541072,0.1179483071948429,0.07153292706249592,0.0628401323737312,0.07523305905884307,0.057571909562124574,0.06026956867612259,0.0841428483284052,0.12918967090220007,0.19990683565279968
796,0.06766879452302407,0.07369594666541072,0.1179483071948429,0.07153292706249592,0.0628401323737312,0.07523305905884307,0.057571909562124574,0.06026956867612259,0.0841428483284052,0.12918967090220007,0.19990683565279968
797,0.06766879452302407,0.07369594666541072,0.1179483071948429,0.07153292706249592,0.0628401323737312,0.07523305905884307,0.057571909562124574,0.06026956867612259,0.0841428483284052,0.12918967090220007,0.19990683565279968
798,0.06766879452302407,0.07369594666541072,0.1179483071948429,0.07153292706249592,0.0628401323737312,0.07523305905884307,0.057571909562124574,0.06026956867612259,0.0841428483284052,0.12918967090220007,0.19990683565279968
799,0.06766879452302407,0.07369594666541072,0.1179483071948429,0.07153292706249592,0.0628401323737312,0.07523305905884307,0.057571909562124574,0.06026956867612259,0.0841428483284052,0.12918967090220007,0.19990683565279968
800,0.06766879452302407,0.07369594666541072,0.1179483071948429,0.07153292706249592,0.0628401323737312,0.07523305905884307,0.057571909562124574,0.06026956867612259,0.0841428483284052,0.12918967090220007,0.19990683565279968
801,0.06766879452302407,0.07369594666541072,0.1179483071948429,0.07153292706249592,0.0628401323737312,0.07523305905884307,0.057571909562124574,0.06026956867612259,0.0841428483284052,0.12918967090220007,0.19990683565279968
802,0.06766879452302407,0.07369594666541072,0.1179483071948429,0.07153292706249592,0.0628401323737312,0.07523305905884307,0.057571909562124574,0.06026956867612259,0.0841428483284052,0.12918967090220007,0.19990683565279968
803,0.06766879452302407,0.07369594666541072,0.1179483071948429,0.07153292706249592,0.0628401323737312,0.07523305905884307,0.057571909562124574,0.06026956867612259,0.0841428483284052,0.12918967090220007,0.19990683565279968
804,0.06766879452302407,0.07369594666541072,0.1179483071948429,0.07153292706249592,0.0628401323737312,0.07523305905884307,0.057571909562124574,0.06026956867612259,0.0841428483284052,0.12918967090220007,0.19990683565279968
805,0.06766879452302407,0.07369594666541072,0.1179483071948429,0.07153292706249592,0.0628401323737312,0.07523305905884307,0.057571909562124574,0.06026956867612259,0.0841428483284052,0.12918967090220007,0.19990683565279968
806,0.06766879452302407,0.07369594666541072,0.1179483071948429,0.07153292706249592,0.0628401323737312,0.07523305905884307,0.057571909562124574,0.06026956867612259,0.0841428483284052,0.12918967090220007,0.19990683565279968
807,0.06766879452302407,0.07369594666541072,0.1179483071948429,0.07153292706249592,0.0628401323737312,0.07523305905884307,0.057571909562124574,0.06026956867612259,0.0841428483284052,0.12918967090220007,0.19990683565279968
808,0.06766879452302407,0.07369594666541072,0.1179483071948429,0.07153292706249592,0.0628401323737312,0.07523305905884307,0.057571909562124574,0.06026956867612259,0.0841428483284052,0.12918967090220007,0.19990683565279968
809,0.06766879452302407,0.07369594666541072,0.1179483071948429,0.07153292706249592,0.0628401323737312,0.07523305905884307,0.057571909562124574,0.06026956867612259,0.0841428483284052,0.12918967090220007,0.19990683565279968
810,0.06766879452302407,0.07369594666541072,0.1179483071948429,0.07153292706249592,0.0628401323737312,0.07523305905884307,0.057571909562124574,0.06026956867612259,0.0841428483284052,0.12918967090220007,0.19990683565279968
811,0.06766879452302407,0.07369594666541072,0.1179483071948429,0.07153292706249592,0.0628401323737312,0.07523305905884307,0.057571909562124574,0.06026956867612259,0.0841428483284052,0.12918967090220007,0.19990683565279968
812,0.06766879452302407,0.07369594666541072,0.1179483071948429,0.07153292706249592,0.0628401323737312,0.07523305905884307,0.057571909562124574,0.06026956867612259,0.0841428483284052,0.12918967090220007,0.19990683565279968
813,0.06766879452302407,0.07369594666541072,0.1179483071948429,0.07153292706249592,0.0628401323737312,0.07523305905884307,0.057571909562124574,0.06026956867612259,0.0841428483284052,0.12918967090220007,0.19990683565279968
814,0.06766879452302407,0.07369594666541072,0.1179483071948429,0.07153292706249592,0.0628401323737312,0.07523305905884307,0.057571909562124574,0.06026956867612259,0.0841428483284052,0.12918967090220007,0.19990683565279968
815,0.06766879452302407,0.07369594666541072,0.1179483071948429,0.07153292706249592,0.0628401323737312,0.07523305905884307,0.057571909562124574,0.06026956867612259,0.0841428483284052,0.12918967090220007,0.19990683565279968
816,0.06766879452302407,0.07369594666541072,0.1179483071948429,0.07153292706249592,0.0628401323737312,0.07523305905884307,0.057571909562124574,0.06026956867612259,0.0841428483284052,0.12918967090220007,0.19990683565279968
817,0.06766879452302407,0.07369594666541072,0.1179483071948429,0.07153292706249592,0.0628401323737312,0.07523305905884307,0.057571909562124574,0.06026956867612259,0.0841428483284052,0.12918967090220007,0.19990683565279968
818,0.06766879452302407,0.07369594666541072,0.1179483071948429,0.07153292706249592,0.0628401323737312,0.07523305905884307,0.057571909562124574,0.06026956867612259,0.0841428483284052,0.12918967090220007,0.19990683565279968
819,0.06766879452302407,0.07369594666541072,0.1179483071948429,0.07153292706249592,0.0628401323737312,0.07523305905884307,0.057571909562124574,0.06026956867612259,0.0841428483284052,0.12918967090220007,0.19990683565279968
820,0.06848590397913969,0.10203210815976656,0.08022510703951491,0.06518932476015143,0.05570730025780249,0.082705024045431,0.09620535628900968,0.05890321187535194,0.1262948074281552,0.16912804357428465,0.09512381259139253
821,0.06848590397913969,0.10203210815976656,0.08022510703951491,0.06518932476015143,0.05570730025780249,0.082705024045431,0.09620535628900968,0.05890321187535194,0.1262948074281552,0.16912804357428465,0.09512381259139253
822,0.06848590397913969,0.10203210815976656,0.08022510703951491,0.06518932476015143,0.05570730025780249,0.082705024045431,0.09620535628900968,0.05890321187535194,0.1262948074281552,0.16912804357428465,0.09512381259139253
823,0.06848590397913969,0.10203210815976656,0.08022510703951491,0.06518932476015143,0.05570730025780249,0.082705024045431,0.09620535628900968,0.05890321187535194,0.1262948074281552,0.16912804357428465,0.09512381259139253
824,0.06848590397913969,0.10203210815976656,0.08022510703951491,0.06518932476015143,0.05570730025780249,0.082705024045431,0.09620535628900968,0.05890321187535194,0.1262948074281552,0.16912804357428465,0.09512381259139253
825,0.06848590397913969,0.10203210815976656,0.08022510703951491,0.06518932476015143,0.05570730025780249,0.082705024045431,0.09620535628900968,0.05890321187535194,0.1262948074281552,0.16912804357428465,0.09512381259139253
826,0.06848590397913969,0.10203210815976656,0.08022510703951491,0.06518932476015143,0.05570730025780249,0.082705024045431,0.09620535628900968,0.05890321187535194,0.1262948074281552,0.16912804357428465,0.09512381259139253
827,0.06848590397913969,0.10203210815976656,0.08022510703951491,0.06518932476015143,0.05570730025780249,0.082705024045431,0.09620535628900968,0.05890321187535194,0.1262948074281552,0.16912804357428465,0.09512381259139253
828,0.06848590397913969,0.10203210815976656,0.08022510703951491,0.06518932476015143,0.05570730025780249,0.082705024045431,0.09620535628900968,0.05890321187535194,0.1262948074281552,0.16912804357428465,0.09512381259139253
829,0.06848590397913969,0.10203210815976656,0.08022510703951491,0.06518932476015143,0.05570730025780249,0.082705024045431,0.09620535628900968,0.05890321187535194,0.1262948074281552,0.16912804357428465,0.09512381259139253
830,0.06848590397913969,0.10203210815976656,0.08022510703951491,0.06518932476015143,0.05570730025780249,0.082705024045431,0.09620535628900968,0.05890321187535194,0.1262948074281552,0.16912804357428465,0.09512381259139253
831,0.06848590397913969,0.10203210815976656,0.08022510703951491,0.06518932476015143,0.05570730025780249,0.082705024045431,0.09620535628900968,0.05890321187535194,0.1262948074281552,0.16912804357428465,0.09512381259139253
832,0.06848590397913969,0.10203210815976656,0.08022510703951491,0.06518932476015143,0.05570730025780249,0.082705024045431,0.09620535628900968,0.05890321187535194,0.1262948074281552,0.16912804357428465,0.09512381259139253
833,0.06848590397913969,0.10203210815976656,0.08022510703951491,0.06518932476015143,0.05570730025780249,0.082705024045431,0.09620535628900968,0.05890321187535194,0.1262948074281552,0.16912804357428465,0.09512381259139253
834,0.06848590397913969,0.10203210815976656,0.08022510703951491,0.06518932476015143,0.05570730025780249,0.082705024045431,0.09620535628900968,0.05890321187535194,0.1262948074281552,0.16912804357428465,0.09512381259139253
835,0.06848590397913969,0.10203210815976656,0.08022510703951491,0.06518932476015143,0.05570730025780249,0.082705024045431,0.09620535628900968,0.05890321187535194,0.1262948074281552,0.16912804357428465,0.09512381259139253
836,0.06848590397913969,0.10203210815976656,0.08022510703951491,0.06518932476015143,0.05570730025780249,0.082705024045431,0.09620535628900968,0.05890321187535194,0.1262948074281552,0.16912804357428465,0.09512381259139253
837,0.06848590397913969,0.10203210815976656,0.08022510703951491,0.06518932476015143,0.05570730025780249,0.082705024045431,0.09620535628900968,0.05890321187535194,0.1262948074281552,0.16912804357428465,0.09512381259139253
838,0.06848590397913969,0.10203210815976656,0.08022510703951491,0.06518932476015143,0.05570730025780249,0.082705024045431,0.09620535628900968,0.05890321187535194,0.1262948074281552,0.16912804357428465,0.09512381259139253
839,0.06848590397913969,0.10203210815976656,0.08022510703951491,0.06518932476015143,0.05570730025780249,0.082705024045431,0.09620535628900968,0.05890321187535194,0.1262948074281552,0.16912804357428465,0.09512381259139253
840,0.06848590397913969,0.10203210815976656,0.08022510703951491,0.06518932476015143,0.05570730025780249,0.082705024045431,0.09620535628900968,0.05890321187535194,0.1262948074281552,0.16912804357428465,0.09512381259139253
841,0.06848590397913969,0.10203210815976656,0.08022510703951491,0.06518932476015143,0.05570730025780249,0.082705024045431,0.09620535628900968,0.05890321187535194,0.1262948074281552,0.16912804357428465,0.09512381259139253
842,0.06848590397913969,0.10203210815976656,0.08022510703951491,0.06518932476015143,0.05570730025780249,0.082705024045431,0.09620535628900968,0.05890321187535194,0.1262948074281552,0.16912804357428465,0.09512381259139253
843,0.06848590397913969,0.10203210815976656,0.08022510703951491,0.06518932476015143,0.05570730025780249,0.082705024045431,0.09620535628900968,0.05890321187535194,0.1262948074281552,0.16912804357428465,0.09512381259139253
844,0.06848590397913969,0.10203210815976656,0.08022510703951491,0.06518932476015143,0.05570730025780249,0.082705024045431,0.09620535628900968,0.05890321187535194,0.1262948074281552,0.16912804357428465,0.09512381259139253
845,0.06848590397913969,0.10203210815976656,0.08022510703951491,0.06518932476015143,0.05570730025780249,0.082705024045431,0.09620535628900968,0.05890321187535194,0.1262948074281552,0.16912804357428465,0.09512381259139253
846,0.06848590397913969,0.10203210815976656,0.08022510703951491,0.06518932476015143,0.05570730025780249,0.082705024045431,0.09620535628900968,0.05890321187535194,0.1262948074281552,0.16912804357428465,0.09512381259139253
847,0.06848590397913969,0.10203210815976656,0.08022510703951491,0.06518932476015143,0.05570730025780249,0.082705024045431,0.09620535628900968,0.05890321187535194,0.1262948074281552,0.16912804357428465,0.09512381259139253
848,0.06848590397913969,0.10203210815976656,0.08022510703951491,0.06518932476015143,0.05570730025780249,0.082705024045431,0.09620535628900968,0.05890321187535194,0.1262948074281552,0.16912804357428465,0.09512381259139253
849,0.06848590397913969,0.10203210815976656,0.08022510703951491,0.06518932476015143,0.05570730025780249,0.082705024045431,0.09620535628900968,0.05890321187535194,0.1262948074281552,0.16912804357428465,0.09512381259139253
850,-0.03293654767824265,-0.025900224629568265,1.2855350544384758,-0.015363490692257715,-0.02654085737618725,-0.026721704925459035,-0.02010816108626428,-0.025857213481365205,-0.024531636102010857,-0.05205871608159394,-0.03551650238552676
851,-0.03293654767824265,-0.025900224629568265,1.2855350544384758,-0.015363490692257715,-0.02654085737618725,-0.026721704925459035,-0.02010816108626428,-0.025857213481365205,-0.024531636102010857,-0.05205871608159394,-0.03551650238552676
852,-0.03293654767824265,-0.025900224629568265,1.2855350544384758,-0.015363490692257715,-0.02654085737618725,-0.026721704925459035,-0.02010816108626428,-0.025857213481365205,-0.024531636102010857,-0.05205871608159394,-0.03551650238552676
853,-0.03293654767824265,-0.025900224629568265,1.2855350544384758,-0.015363490692257715,-0.02654085737618725,-0.026721704925459035,-0.02010816108626428,-0.025857213481365205,-0.024531636102010857,-0.05205871608159394,-0.03551650238552676
854,-0.03293654767824265,-0.025900224629568265,1.2855350544384758,-0.015363490692257715,-0.02654085737618725,-0.026721704925459035,-0.02010816108626428,-0.025857213481365205,-0.024531636102010857,-0.05205871608159394,-0.03551650238552676
855,-0.03293654767824265,-0.025900224629568265,1.2855350544384758,-0.015363490692257715,-0.02654085737618725,-0.026721704925459035,-0.02010816108626428,-0.025857213481365205,-0.024531636102010857,-0.05205871608159394,-0.03551650238552676
856,-0.03293654767824265,-0.025900224629568265,1.2855350544384758,-0.015363490692257715,-0.02654085737618725,-0.026721704925459035,-0.02010816108626428,-0.025857213481365205,-0.024531636102010857,-0.05205871608159394,-0.03551650238552676
857,-0.03293654767824265,-0.025900224629568265,1.2855350544384758,-0.015363490692257715,-0.02654085737618725,-0.026721704925459035,-0.02010816108626428,-0.025857213481365205,-0.024531636102010857,-0.05205871608159394,-0.03551650238552676
858,-0.03293654767824265,-0.025900224629568265,1.2855350544384758,-0.015363490692257715,-0.02654085737618725,-0.026721704925459035,-0.02010816108626428,-0.025857213481365205,-0.024531636102010857,-0.05205871608159394,-0.03551650238552676
859,-0.03293654767824265,-0.025900224629568265,1.2855350544384758,-0.015363490692257715,-0.02654085737618725,-0.026721704925459035,-0.02010816108626428,-0.025857213481365205,-0.024531636102010857,-0.05205871608159394,-0.03551650238552676
860,-0.03293654767824265,-0.025900224629568265,1.2855350544384758,-0.015363490692257715,-0.02654085737618725,-0.026721704925459035,-0.02010816108626428,-0.025857213481365205,-0.024531636102010857,-0.05205871608159394,-0.03551650238552676
861,-0.03293654767824265,-0.025900224629568265,1.2855350544384758,-0.015363490692257715,-0.02654085737618725,-0.026721704925459035,-0.02010816108626428,-0.025857213481365205,-0.024531636102010857,-0.05205871608159394,-0.03551650238552676
862,-0.03293654767824265,-0.025900224629568265,1.2855350544384758,-0.015363490692257715,-0.02654085737618725,-0.026721704925459035,-0.02010816108626428,-0.025857213481365205,-0.024531636102010857,-0.05205871608159394,-0.03551650238552676
863,-0.03293654767824265,-0.025900224629568265,1.2855350544384758,-0.015363490692257715,-0.02654085737618725,-0.026721704925459035,-0.02010816108626428,-0.025857213481365205,-0.024531636102010857,-0.05205871608159394,-0.03551650238552676
864,-0.03293654767824265,-0.025900224629568265,1.2855350544384758,-0.015363490692257715,-0.02654085737618725,-0.026721704925459035,-0.02010816108626428,-0.025857213481365205,-0.024531636102010857,-0.05205871608159394,-0.03551650238552676
865,-0.03293654767824265,-0.025900224629568265,1.2855350544384758,-0.015363490692257715,-0.02654085737618725,-0.026721704925459035,-0.02010816108626428,-0.025857213481365205,-0.024531636102010857,-0.05205871608159394,-0.03551650238552676
866,-0.03293654767824265,-0.025900224629568265,1.2855350544384758,-0.015363490692257715,-0.02654085737618725,-0.026721704925459035,-0.02010816108626428,-0.025857213481365205,-0.024531636102010857,-0.05205871608159394,-0.03551650238552676
867,-0.03293654767824265,-0.025900224629568265,1.2855350544384758,-0.015363490692257715,-0.02654085737618725,-0.026721704925459035,-0.02010816108626428,-0.025857213481365205,-0.024531636102010857,-0.05205871608159394,-0.03551650238552676
868,-0.03293654767824265,-0.025900224629568265,1.2855350544384758,-0.015363490692257715,-0.02654085737618725,-0.026721704925459035,-0.02010816108626428,-0.025857213481365205,-0.024531636102010857,-0.05205871608159394,-0.03551650238552676
869,-0.03293654767824265,-0.025900224629568265,1.2855350544384758,-0.015363490692257715,-0.02654085737618725,-0.026721704925459035,-0.02010816108626428,-0.025857213481365205,-0.024531636102010857,-0.05205871608159394,-0.03551650238552676
870,-0.03293654767824265,-0.025900224629568265,1.2855350544384758,-0.015363490692257715,-0.02654085737618725,-0.026721704925459035,-0.02010816108626428,-0.025857213481365205,-0.024531636102010857,-0.05205871608159394,-0.03551650238552676
871,-0.03293654767824265,-0.025900224629568265,1.2855350544384758,-0.015363490692257715,-0.02654085737618725,-0.026721704925459035,-0.02010816108626428,-0.025857213481365205,-0.024531636102010857,-0.05205871608159394,-0.03551650238552676
872,-0.03293654767824265,-0.025900224629568265,1.2855350544384758,-0.015363490692257715,-0.02654085737618725,-0.026721704925459035,-0.02010816108626428,-0.025857213481365205,-0.024531636102010857,-0.05205871608159394,-0.03551650238552676
873,-0.03293654767824265,-0.025900224629568265,1.2855350544384758,-0.015363490692257715,-0.02654085737618725,-0.026721704925459035,-0.02010816108626428,-0.025857213481365205,-0.024531636102010857,-0.05205871608159394,-0.03551650238552676
874,-0.03293654767824265,-0.025900224629568265,1.2855350544384758,-0.015363490692257715,-0.02654085737618725,-0.026721704925459035,-0.02010816108626428,-0.025857213481365205,-0.024531636102010857,-0.05205871608159394,-0.03551650238552676
875,-0.03293654767824265,-0.025900224629568265,1.2855350544384758,-0.015363490692257715,-0.02654085737618725,-0.026721704925459035,-0.02010816108626428,-0.025857213481365205,-0.024531636102010857,-0.05205871608159394,-0.03551650238552676
876,-0.03293654767824265,-0.025900224629568265,1.2855350544384758,-0.015363490692257715,-0.02654085737618725,-0.026721704925459035,-0.02010816108626428,-0.025857213481365205,-0.024531636102010857,-0.05205871608159394,-0.03551650238552676
877,-0.03293654767824265,-0.025900224629568265,1.2855350544384758,-0.015363490692257715,-0.02654085737618725,-0.026721704925459035,-0.02010816108626428,-0.025857213481365205,-0.024531636102010857,-0.05205871608159394,-0.03551650238552676
878,-0.03293654767824265,-0.025900224629568265,1.2855350544384758,-0.015363490692257715,-0.02654085737618725,-0.026721704925459035,-0.02010816108626428,-0.025857213481365205,-0.024531636102010857,-0.05205871608159394,-0.03551650238552676
879,-0.03293654767824265,-0.025900224629568265,1.2855350544384758,-0.015363490692257715,-0.02654085737618725,-0.026721704925459035,-0.02010816108626428,-0.025857213481365205,-0.024531636102010857,-0.05205871608159394,-0.03551650238552676
880,-0.03293654767824265,-0.025900224629568265,1.2855350544384758,-0.015363490692257715,-0.02654085737618725,-0.026721704925459035,-0.02010816108626428,-0.025857213481365205,-0.024531636102010857,-0.05205871608159394,-0.03551650238552676
881,0.14745452612276178,0.2088861999521266,-0.3,0.18222985105037717,0.05674654446370098,0.15566071504907575,0.0796548518669675,0.20136300446254485,0.19743957182960756,0.03347007899321463,0.03709465620962322
882,0.14745452612276178,0.2088861999521266,-0.3,0.18222985105037717,0.05674654446370098,0.15566071504907575,0.0796548518669675,0.20136300446254485,0.19743957182960756,0.03347007899321463,0.03709465620962322
883,0.14745452612276178,0.2088861999521266,-0.3,0.18222985105037717,0.05674654446370098,0.15566071504907575,0.0796548518669675,0.20136300446254485,0.19743957182960756,0.03347007899321463,0.03709465620962322
884,0.14745452612276178,0.2088861999521266,-0.3,0.18222985105037717,0.05674654446370098,0.15566071504907575,0.0796548518669675,0.20136300446254485,0.19743957182960756,0.03347007899321463,0.03709465620962322
885,0.14745452612276178,0.2088861999521266,-0.3,0.18222985105037717,0.05674654446370098,0.15566071504907575,0.0796548518669675,0.20136300446254485,0.19743957182960756,0.03347007899321463,0.03709465620962322
886,0.14745452612276178,0.2088861999521266,-0.3,0.18222985105037717,0.05674654446370098,0.15566071504907575,0.0796548518669675,0.20136300446254485,0.19743957182960756,0.03347007899321463,0.03709465620962322
887,0.14745452612276178,0.2088861999521266,-0.3,0.18222985105037717,0.05674654446370098,0.15566071504907575,0.0796548518669675,0.20136300446254485,0.19743957182960756,0.03347007899321463,0.03709465620962322
888,0.14745452612276178,0.2088861999521266,-0.3,0.18222985105037717,0.05674654446370098,0.15566071504907575,0.0796548518669675,0.20136300446254485,0.19743957182960756,0.03347007899321463,0.03709465620962322
889,0.14745452612276178,0.2088861999521266,-0.3,0.18222985105037717,0.05674654446370098,0.15566071504907575,0.0796548518669675,0.20136300446254485,0.19743957182960756,0.03347007899321463,0.03709465620962322
890,0.14745452612276178,0.2088861999521266,-0.3,0.18222985105037717,0.05674654446370098,0.15566071504907575,0.0796548518669675,0.20136300446254485,0.19743957182960756,0.03347007899321463,0.03709465620962322
891,0.14745452612276178,0.2088861999521266,-0.3,0.18222985105037717,0.05674654446370098,0.15566071504907575,0.0796548518669675,0.20136300446254485,0.19743957182960756,0.03347007899321463,0.03709465620962322
892,0.14745452612276178,0.2088861999521266,-0.3,0.18222985105037717,0.05674654446370098,0.15566071504907575,0.0796548518669675,0.20136300446254485,0.19743957182960756,0.03347007899321463,0.03709465620962322
893,0.14745452612276178,0.2088861999521266,-0.3,0.18222985105037717,0.05674654446370098,0.15566071504907575,0.0796548518669675,0.20136300446254485,0.19743957182960756,0.03347007899321463,0.03709465620962322
894,0.14745452612276178,0.2088861999521266,-0.3,0.18222985105037717,0.05674654446370098,0.15566071504907575,0.0796548518669675,0.20136300446254485,0.19743957182960756,0.03347007899321463,0.03709465620962322
895,0.14745452612276178,0.2088861999521266,-0.3,0.18222985105037717,0.05674654446370098,0.15566071504907575,0.0796548518669675,0.20136300446254485,0.19743957182960756,0.03347007899321463,0.03709465620962322
896,0.14745452612276178,0.2088861999521266,-0.3,0.18222985105037717,0.05674654446370098,0.15566071504907575,0.0796548518669675,0.20136300446254485,0.19743957182960756,0.03347007899321463,0.03709465620962322
897,0.14745452612276178,0.2088861999521266,-0.3,0.18222985105037717,0.05674654446370098,0.15566071504907575,0.0796548518669675,0.20136300446254485,0.19743957182960756,0.03347007899321463,0.03709465620962322
898,0.14745452612276178,0.2088861999521266,-0.3,0.18222985105037717,0.05674654446370098,0.15566071504907575,0.0796548518669675,0.20136300446254485,0.19743957182960756,0.03347007899321463,0.03709465620962322
899,0.14745452612276178,0.2088861999521266,-0.3,0.18222985105037717,0.05674654446370098,0.15566071504907575,0.0796548518669675,0.20136300446254485,0.19743957182960756,0.03347007899321463,0.03709465620962322
900,0.14745452612276178,0.2088861999521266,-0.3,0.18222985105037717,0.05674654446370098,0.15566071504907575,0.0796548518669675,0.20136300446254485,0.19743957182960756,0.03347007899321463,0.03709465620962322
901,0.14745452612276178,0.2088861999521266,-0.3,0.18222985105037717,0.05674654446370098,0.15566071504907575,0.0796548518669675,0.20136300446254485,0.19743957182960756,0.03347007899321463,0.03709465620962322
902,0.14745452612276178,0.2088861999521266,-0.3,0.18222985105037717,0.05674654446370098,0.15566071504907575,0.0796548518669675,0.20136300446254485,0.19743957182960756,0.03347007899321463,0.03709465620962322
903,0.14745452612276178,0.2088861999521266,-0.3,0.18222985105037717,0.05674654446370098,0.15566071504907575,0.0796548518669675,0.20136300446254485,0.19743957182960756,0.03347007899321463,0.03709465620962322
904,0.14745452612276178,0.2088861999521266,-0.3,0.18222985105037717,0.05674654446370098,0.15566071504907575,0.0796548518669675,0.20136300446254485,0.19743957182960756,0.03347007899321463,0.03709465620962322
905,0.14745452612276178,0.2088861999521266,-0.3,0.18222985105037717,0.05674654446370098,0.15566071504907575,0.0796548518669675,0.20136300446254485,0.19743957182960756,0.03347007899321463,0.03709465620962322
906,0.14745452612276178,0.2088861999521266,-0.3,0.18222985105037717,0.05674654446370098,0.15566071504907575,0.0796548518669675,0.20136300446254485,0.19743957182960756,0.03347007899321463,0.03709465620962322
907,0.14745452612276178,0.2088861999521266,-0.3,0.18222985105037717,0.05674654446370098,0.15566071504907575,0.0796548518669675,0.20136300446254485,0.19743957182960756,0.03347007899321463,0.03709465620962322
908,0.14745452612276178,0.2088861999521266,-0.3,0.18222985105037717,0.05674654446370098,0.15566071504907575,0.0796548518669675,0.20136300446254485,0.19743957182960756,0.03347007899321463,0.03709465620962322
909,0.14745452612276178,0.2088861999521266,-0.3,0.18222985105037717,0.05674654446370098,0.15566071504907575,0.0796548518669675,0.20136300446254485,0.19743957182960756,0.03347007899321463,0.03709465620962322
910,0.14745452612276178,0.2088861999521266,-0.3,0.18222985105037717,0.05674654446370098,0.15566071504907575,0.0796548518669675,0.20136300446254485,0.19743957182960756,0.03347007899321463,0.03709465620962322
911,-2.467574537008774e-07,0.14724946719798288,-0.061392185529160585,0.059870908283798194,-0.09544896056810548,0.06418816904692505,-0.06760864435860381,-0.07554996278667636,0.9287766842896492,0.05471459366799591,0.04520017751364879
912,-2.467574537008774e-07,0.14724946719798288,-0.061392185529160585,0.059870908283798194,-0.09544896056810548,0.06418816904692505,-0.06760864435860381,-0.07554996278667636,0.9287766842896492,0.05471459366799591,0.04520017751364879
913,-2.467574537008774e-07,0.14724946719798288,-0.061392185529160585,0.059870908283798194,-0.09544896056810548,0.06418816904692505,-0.06760864435860381,-0.07554996278667636,0.9287766842896492,0.05471459366799591,0.04520017751364879
914,-2.467574537008774e-07,0.14724946719798288,-0.061392185529160585,0.059870908283798194,-0.09544896056810548,0.06418816904692505,-0.06760864435860381,-0.07554996278667636,0.9287766842896492,0.05471459366799591,0.04520017751364879
915,-2.467574537008774e-07,0.14724946719798288,-0.061392185529160585,0.059870908283798194,-0.09544896056810548,0.06418816904692505,-0.06760864435860381,-0.07554996278667636,0.9287766842896492,0.05471459366799591,0.04520017751364879
916,-2.467574537008774e-07,0.14724946719798288,-0.061392185529160585,0.059870908283798194,-0.09544896056810548,0.06418816904692505,-0.06760864435860381,-0.07554996278667636,0.9287766842896492,0.05471459366799591,0.04520017751364879
917,-2.467574537008774e-07,0.14724946719798288,-0.061392185529160585,0.059870908283798194,-0.09544896056810548,0.06418816904692505,-0.06760864435860381,-0.07554996278667636,0.9287766842896492,0.05471459366799591,0.04520017751364879
918,-2.467574537008774e-07,0.14724946719798288,-0.061392185529160585,0.059870908283798194,-0.09544896056810548,0.06418816904692505,-0.06760864435860381,-0.07554996278667636,0.9287766842896492,0.05471459366799591,0.04520017751364879
919,-2.467574537008774e-07,0.14724946719798288,-0.061392185529160585,0.059870908283798194,-0.09544896056810548,0.06418816904692505,-0.06760864435860381,-0.07554996278667636,0.9287766842896492,0.05471459366799591,0.04520017751364879
920,-2.467574537008774e-07,0.14724946719798288,-0.061392185529160585,0.059870908283798194,-0.09544896056810548,0.06418816904692505,-0.06760864435860381,-0.07554996278667636,0.9287766842896492,0.05471459366799591,0.04520017751364879
921,-2.467574537008774e-07,0.14724946719798288,-0.061392185529160585,0.059870908283798194,-0.09544896056810548,0.06418816904692505,-0.06760864435860381,-0.07554996278667636,0.9287766842896492,0.05471459366799591,0.04520017751364879
922,-2.467574537008774e-07,0.14724946719798288,-0.061392185529160585,0.059870908283798194,-0.09544896056810548,0.06418816904692505,-0.06760864435860381,-0.07554996278667636,0.9287766842896492,0.05471459366799591,0.04520017751364879
923,-2.467574537008774e-07,0.14724946719798288,-0.061392185529160585,0.059870908283798194,-0.09544896056810548,0.06418816904692505,-0.06760864435860381,-0.07554996278667636,0.9287766842896492,0.05471459366799591,0.04520017751364879
924,-2.467574537008774e-07,0.14724946719798288,-0.061392185529160585,0.059870908283798194,-0.09544896056810548,0.06418816904692505,-0.06760864435860381,-0.07554996278667636,0.9287766842896492,0.05471459366799591,0.04520017751364879
925,-2.467574537008774e-07,0.14724946719798288,-0.061392185529160585,0.059870908283798194,-0.09544896056810548,0.06418816904692505,-0.06760864435860381,-0.07554996278667636,0.9287766842896492,0.05471459366799591,0.04520017751364879
926,-2.467574537008774e-07,0.14724946719798288,-0.061392185529160585,0.059870908283798194,-0.09544896056810548,0.06418816904692505,-0.06760864435860381,-0.07554996278667636,0.9287766842896492,0.05471459366799591,0.04520017751364879
927,-2.467574537008774e-07,0.14724946719798288,-0.061392185529160585,0.059870908283798194,-0.09544896056810548,0.06418816904692505,-0.06760864435860381,-0.07554996278667636,0.9287766842896492,0.05471459366799591,0.04520017751364879
928,-2.467574537008774e-07,0.14724946719798288,-0.061392185529160585,0.059870908283798194,-0.09544896056810548,0.06418816904692505,-0.06760864435860381,-0.07554996278667636,0.9287766842896492,0.05471459366799591,0.04520017751364879
929,-2.467574537008774e-07,0.14724946719798288,-0.061392185529160585,0.059870908283798194,-0.09544896056810548,0.06418816904692505,-0.06760864435860381,-0.07554996278667636,0.9287766842896492,0.05471459366799591,0.04520017751364879
930,-2.467574537008774e-07,0.14724946719798288,-0.061392185529160585,0.059870908283798194,-0.09544896056810548,0.06418816904692505,-0.06760864435860381,-0.07554996278667636,0.9287766842896492,0.05471459366799591,0.04520017751364879
931,-2.467574537008774e-07,0.14724946719798288,-0.061392185529160585,0.059870908283798194,-0.09544896056810548,0.06418816904692505,-0.06760864435860381,-0.07554996278667636,0.9287766842896492,0.05471459366799591,0.04520017751364879
932,-2.467574537008774e-07,0.14724946719798288,-0.061392185529160585,0.059870908283798194,-0.09544896056810548,0.06418816904692505,-0.06760864435860381,-0.07554996278667636,0.9287766842896492,0.05471459366799591,0.04520017751364879
933,-2.467574537008774e-07,0.14724946719798288,-0.061392185529160585,0.059870908283798194,-0.09544896056810548,0.06418816904692505,-0.06760864435860381,-0.07554996278667636,0.9287766842896492,0.05471459366799591,0.04520017751364879
934,-2.467574537008774e-07,0.14724946719798288,-0.061392185529160585,0.059870908283798194,-0.09544896056810548,0.06418816904692505,-0.06760864435860381,-0.07554996278667636,0.9287766842896492,0.05471459366799591,0.04520017751364879
935,-2.467574537008774e-07,0.14724946719798288,-0.061392185529160585,0.059870908283798194,-0.09544896056810548,0.06418816904692505,-0.06760864435860381,-0.07554996278667636,0.9287766842896492,0.05471459366799591,0.04520017751364879
936,-2.467574537008774e-07,0.14724946719798288,-0.061392185529160585,0.059870908283798194,-0.09544896056810548,0.06418816904692505,-0.06760864435860381,-0.07554996278667636,0.9287766842896492,0.05471459366799591,0.04520017751364879
937,-2.467574537008774e-07,0.14724946719798288,-0.061392185529160585,0.059870908283798194,-0.09544896056810548,0.06418816904692505,-0.06760864435860381,-0.07554996278667636,0.9287766842896492,0.05471459366799591,0.04520017751364879
938,-2.467574537008774e-07,0.14724946719798288,-0.061392185529160585,0.059870908283798194,-0.09544896056810548,0.06418816904692505,-0.06760864435860381,-0.07554996278667636,0.9287766842896492,0.05471459366799591,0.04520017751364879
939,-2.467574537008774e-07,0.14724946719798288,-0.061392185529160585,0.059870908283798194,-0.09544896056810548,0.06418816904692505,-0.06760864435860381,-0.07554996278667636,0.9287766842896492,0.05471459366799591,0.04520017751364879
940,-2.467574537008774e-07,0.14724946719798288,-0.061392185529160585,0.059870908283798194,-0.09544896056810548,0.06418816904692505,-0.06760864435860381,-0.07554996278667636,0.9287766842896492,0.05471459366799591,0.04520017751364879
941,-2.467574537008774e-07,0.14724946719798288,-0.061392185529160585,0.059870908283798194,-0.09544896056810548,0.06418816904692505,-0.06760864435860381,-0.07554996278667636,0.9287766842896492,0.05471459366799591,0.04520017751364879
942,0.027957126715567677,0.1011940834306795,0.02922318699921102,0.08576406270409023,0.04060824167549967,0.7317138555575062,0.16222471343816788,-0.2616932510181393,0.02675003639330417,0.02764944899347099,0.028608495110641896
943,0.027957126715567677,0.1011940834306795,0.02922318699921102,0.08576406270409023,0.04060824167549967,0.7317138555575062,0.16222471343816788,-0.2616932510181393,0.02675003639330417,0.02764944899347099,0.028608495110641896
944,0.027957126715567677,0.1011940834306795,0.02922318699921102,0.08576406270409023,0.04060824167549967,0.7317138555575062,0.16222471343816788,-0.2616932510181393,0.02675003639330417,0.02764944899347099,0.028608495110641896
945,0.027957126715567677,0.1011940834306795,0.02922318699921102,0.08576406270409023,0.04060824167549967,0.7317138555575062,0.16222471343816788,-0.2616932510181393,0.02675003639330417,0.02764944899347099,0.028608495110641896
946,0.027957126715567677,0.1011940834306795,0.02922318699921102,0.08576406270409023,0.04060824167549967,0.7317138555575062,0.16222471343816788,-0.2616932510181393,0.02675003639330417,0.02764944899347099,0.028608495110641896
947,0.027957126715567677,0.1011940834306795,0.02922318699921102,0.08576406270409023,0.04060824167549967,0.7317138555575062,0.16222471343816788,-0.2616932510181393,0.02675003639330417,0.02764944899347099,0.028608495110641896
948,0.027957126715567677,0.1011940834306795,0.02922318699921102,0.08576406270409023,0.04060824167549967,0.7317138555575062,0.16222471343816788,-0.2616932510181393,0.02675003639330417,0.02764944899347099,0.028608495110641896
949,0.027957126715567677,0.1011940834306795,0.02922318699921102,0.08576406270409023,0.04060824167549967,0.7317138555575062,0.16222471343816788,-0.2616932510181393,0.02675003639330417,0.02764944899347099,0.028608495110641896
950,0.027957126715567677,0.1011940834306795,0.02922318699921102,0.08576406270409023,0.04060824167549967,0.7317138555575062,0.16222471343816788,-0.2616932510181393,0.02675003639330417,0.02764944899347099,0.028608495110641896
951,0.027957126715567677,0.1011940834306795,0.02922318699921102,0.08576406270409023,0.04060824167549967,0.7317138555575062,0.16222471343816788,-0.2616932510181393,0.02675003639330417,0.02764944899347099,0.028608495110641896
952,0.027957126715567677,0.1011940834306795,0.02922318699921102,0.08576406270409023,0.04060824167549967,0.7317138555575062,0.16222471343816788,-0.2616932510181393,0.02675003639330417,0.02764944899347099,0.028608495110641896
953,0.027957126715567677,0.1011940834306795,0.02922318699921102,0.08576406270409023,0.04060824167549967,0.7317138555575062,0.16222471343816788,-0.2616932510181393,0.02675003639330417,0.02764944899347099,0.028608495110641896
954,0.027957126715567677,0.1011940834306795,0.02922318699921102,0.08576406270409023,0.04060824167549967,0.7317138555575062,0.16222471343816788,-0.2616932510181393,0.02675003639330417,0.02764944899347099,0.028608495110641896
955,0.027957126715567677,0.1011940834306795,0.02922318699921102,0.08576406270409023,0.04060824167549967,0.7317138555575062,0.16222471343816788,-0.2616932510181393,0.02675003639330417,0.02764944899347099,0.028608495110641896
956,0.027957126715567677,0.1011940834306795,0.02922318699921102,0.08576406270409023,0.04060824167549967,0.7317138555575062,0.16222471343816788,-0.2616932510181393,0.02675003639330417,0.02764944899347099,0.028608495110641896
957,0.027957126715567677,0.1011940834306795,0.02922318699921102,0.08576406270409023,0.04060824167549967,0.7317138555575062,0.16222471343816788,-0.2616932510181393,0.02675003639330417,0.02764944899347099,0.028608495110641896
958,0.027957126715567677,0.1011940834306795,0.02922318699921102,0.08576406270409023,0.04060824167549967,0.7317138555575062,0.16222471343816788,-0.2616932510181393,0.02675003639330417,0.02764944899347099,0.028608495110641896
959,0.027957126715567677,0.1011940834306795,0.02922318699921102,0.08576406270409023,0.04060824167549967,0.7317138555575062,0.16222471343816788,-0.2616932510181393,0.02675003639330417,0.02764944899347099,0.028608495110641896
960,0.027957126715567677,0.1011940834306795,0.02922318699921102,0.08576406270409023,0.04060824167549967,0.7317138555575062,0.16222471343816788,-0.2616932510181393,0.02675003639330417,0.02764944899347099,0.028608495110641896
961,0.027957126715567677,0.1011940834306795,0.02922318699921102,0.08576406270409023,0.04060824167549967,0.7317138555575062,0.16222471343816788,-0.2616932510181393,0.02675003639330417,0.02764944899347099,0.028608495110641896
962,0.027957126715567677,0.1011940834306795,0.02922318699921102,0.08576406270409023,0.04060824167549967,0.7317138555575062,0.16222471343816788,-0.2616932510181393,0.02675003639330417,0.02764944899347099,0.028608495110641896
963,0.027957126715567677,0.1011940834306795,0.02922318699921102,0.08576406270409023,0.04060824167549967,0.7317138555575062,0.16222471343816788,-0.2616932510181393,0.02675003639330417,0.02764944899347099,0.028608495110641896
964,0.027957126715567677,0.1011940834306795,0.02922318699921102,0.08576406270409023,0.04060824167549967,0.7317138555575062,0.16222471343816788,-0.2616932510181393,0.02675003639330417,0.02764944899347099,0.028608495110641896
965,0.027957126715567677,0.1011940834306795,0.02922318699921102,0.08576406270409023,0.04060824167549967,0.7317138555575062,0.16222471343816788,-0.2616932510181393,0.02675003639330417,0.02764944899347099,0.028608495110641896
966,0.027957126715567677,0.1011940834306795,0.02922318699921102,0.08576406270409023,0.04060824167549967,0.7317138555575062,0.16222471343816788,-0.2616932510181393,0.02675003639330417,0.02764944899347099,0.028608495110641896
967,0.027957126715567677,0.1011940834306795,0.02922318699921102,0.08576406270409023,0.04060824167549967,0.7317138555575062,0.16222471343816788,-0.2616932510181393,0.02675003639330417,0.02764944899347099,0.028608495110641896
968,0.027957126715567677,0.1011940834306795,0.02922318699921102,0.08576406270409023,0.04060824167549967,0.7317138555575062,0.16222471343816788,-0.2616932510181393,0.02675003639330417,0.02764944899347099,0.028608495110641896
969,0.027957126715567677,0.1011940834306795,0.02922318699921102,0.08576406270409023,0.04060824167549967,0.7317138555575062,0.16222471343816788,-0.2616932510181393,0.02675003639330417,0.02764944899347099,0.028608495110641896
970,0.027957126715567677,0.1011940834306795,0.02922318699921102,0.08576406270409023,0.04060824167549967,0.7317138555575062,0.16222471343816788,-0.2616932510181393,0.02675003639330417,0.02764944899347099,0.028608495110641896
971,0.027957126715567677,0.1011940834306795,0.02922318699921102,0.08576406270409023,0.04060824167549967,0.7317138555575062,0.16222471343816788,-0.2616932510181393,0.02675003639330417,0.02764944899347099,0.028608495110641896
972,0.027957126715567677,0.1011940834306795,0.02922318699921102,0.08576406270409023,0.04060824167549967,0.7317138555575062,0.16222471343816788,-0.2616932510181393,0.02675003639330417,0.02764944899347099,0.028608495110641896
973,-2.735318158794239e-05,-0.1236942202805543,0.2176590235362979,0.15638410449738174,-0.00047669263675530655,0.13600423699269604,-0.08404391857347461,-0.09175781532762788,0.6141774091004868,0.17554734005134692,0.00022788582179067313
974,-2.735318158794239e-05,-0.1236942202805543,0.2176590235362979,0.15638410449738174,-0.00047669263675530655,0.13600423699269604,-0.08404391857347461,-0.09175781532762788,0.6141774091004868,0.17554734005134692,0.00022788582179067313
975,-2.735318158794239e-05,-0.1236942202805543,0.2176590235362979,0.15638410449738174,-0.00047669263675530655,0.13600423699269604,-0.08404391857347461,-0.09175781532762788,0.6141774091004868,0.17554734005134692,0.00022788582179067313
976,-2.735318158794239e-05,-0.1236942202805543,0.2176590235362979,0.15638410449738174,-0.00047669263675530655,0.13600423699269604,-0.08404391857347461,-0.09175781532762788,0.6141774091004868,0.17554734005134692,0.00022788582179067313
977,-2.735318158794239e-05,-0.1236942202805543,0.2176590235362979,0.15638410449738174,-0.00047669263675530655,0.13600423699269604,-0.08404391857347461,-0.09175781532762788,0.6141774091004868,0.17554734005134692,0.00022788582179067313
978,-2.735318158794239e-05,-0.1236942202805543,0.2176590235362979,0.15638410449738174,-0.00047669263675530655,0.13600423699269604,-0.08404391857347461,-0.09175781532762788,0.6141774091004868,0.17554734005134692,0.00022788582179067313
979,-2.735318158794239e-05,-0.1236942202805543,0.2176590235362979,0.15638410449738174,-0.00047669263675530655,0.13600423699269604,-0.08404391857347461,-0.09175781532762788,0.6141774091004868,0.17554734005134692,0.00022788582179067313
980,-2.735318158794239e-05,-0.1236942202805543,0.2176590235362979,0.15638410449738174,-0.00047669263675530655,0.13600423699269604,-0.08404391857347461,-0.09175781532762788,0.6141774091004868,0.17554734005134692,0.00022788582179067313
981,-2.735318158794239e-05,-0.1236942202805543,0.2176590235362979,0.15638410449738174,-0.00047669263675530655,0.13600423699269604,-0.08404391857347461,-0.09175781532762788,0.6141774091004868,0.17554734005134692,0.00022788582179067313
982,-2.735318158794239e-05,-0.1236942202805543,0.2176590235362979,0.15638410449738174,-0.00047669263675530655,0.13600423699269604,-0.08404391857347461,-0.09175781532762788,0.6141774091004868,0.17554734005134692,0.00022788582179067313
983,-2.735318158794239e-05,-0.1236942202805543,0.2176590235362979,0.15638410449738174,-0.00047669263675530655,0.13600423699269604,-0.08404391857347461,-0.09175781532762788,0.6141774091004868,0.17554734005134692,0.00022788582179067313
984,-2.735318158794239e-05,-0.1236942202805543,0.2176590235362979,0.15638410449738174,-0.00047669263675530655,0.13600423699269604,-0.08404391857347461,-0.09175781532762788,0.6141774091004868,0.17554734005134692,0.00022788582179067313
985,-2.735318158794239e-05,-0.1236942202805543,0.2176590235362979,0.15638410449738174,-0.00047669263675530655,0.13600423699269604,-0.08404391857347461,-0.09175781532762788,0.6141774091004868,0.17554734005134692,0.00022788582179067313
986,-2.735318158794239e-05,-0.1236942202805543,0.2176590235362979,0.15638410449738174,-0.00047669263675530655,0.13600423699269604,-0.08404391857347461,-0.09175781532762788,0.6141774091004868,0.17554734005134692,0.00022788582179067313
987,-2.735318158794239e-05,-0.1236942202805543,0.2176590235362979,0.15638410449738174,-0.00047669263675530655,0.13600423699269604,-0.08404391857347461,-0.09175781532762788,0.6141774091004868,0.17554734005134692,0.00022788582179067313
988,-2.735318158794239e-05,-0.1236942202805543,0.2176590235362979,0.15638410449738174,-0.00047669263675530655,0.13600423699269604,-0.08404391857347461,-0.09175781532762788,0.6141774091004868,0.17554734005134692,0.00022788582179067313
989,-2.735318158794239e-05,-0.1236942202805543,0.2176590235362979,0.15638410449738174,-0.00047669263675530655,0.13600423699269604,-0.08404391857347461,-0.09175781532762788,0.6141774091004868,0.17554734005134692,0.00022788582179067313
990,-2.735318158794239e-05,-0.1236942202805543,0.2176590235362979,0.15638410449738174,-0.00047669263675530655,0.13600423699269604,-0.08404391857347461,-0.09175781532762788,0.6141774091004868,0.17554734005134692,0.00022788582179067313
991,-2.735318158794239e-05,-0.1236942202805543,0.2176590235362979,0.15638410449738174,-0.00047669263675530655,0.13600423699269604,-0.08404391857347461,-0.09175781532762788,0.6141774091004868,0.17554734005134692,0.00022788582179067313
992,-2.735318158794239e-05,-0.1236942202805543,0.2176590235362979,0.15638410449738174,-0.00047669263675530655,0.13600423699269604,-0.08404391857347461,-0.09175781532762788,0.6141774091004868,0.17554734005134692,0.00022788582179067313
993,-2.735318158794239e-05,-0.1236942202805543,0.2176590235362979,0.15638410449738174,-0.00047669263675530655,0.13600423699269604,-0.08404391857347461,-0.09175781532762788,0.6141774091004868,0.17554734005134692,0.00022788582179067313
994,-2.735318158794239e-05,-0.1236942202805543,0.2176590235362979,0.15638410449738174,-0.00047669263675530655,0.13600423699269604,-0.08404391857347461,-0.09175781532762788,0.6141774091004868,0.17554734005134692,0.00022788582179067313
995,-2.735318158794239e-05,-0.1236942202805543,0.2176590235362979,0.15638410449738174,-0.00047669263675530655,0.13600423699269604,-0.08404391857347461,-0.09175781532762788,0.6141774091004868,0.17554734005134692,0.00022788582179067313
996,-2.735318158794239e-05,-0.1236942202805543,0.2176590235362979,0.15638410449738174,-0.00047669263675530655,0.13600423699269604,-0.08404391857347461,-0.09175781532762788,0.6141774091004868,0.17554734005134692,0.00022788582179067313
997,-2.735318158794239e-05,-0.1236942202805543,0.2176590235362979,0.15638410449738174,-0.00047669263675530655,0.13600423699269604,-0.08404391857347461,-0.09175781532762788,0.6141774091004868,0.17554734005134692,0.00022788582179067313
998,-2.735318158794239e-05,-0.1236942202805543,0.2176590235362979,0.15638410449738174,-0.00047669263675530655,0.13600423699269604,-0.08404391857347461,-0.09175781532762788,0.6141774091004868,0.17554734005134692,0.00022788582179067313
999,-2.735318158794239e-05,-0.1236942202805543,0.2176590235362979,0.15638410449738174,-0.00047669263675530655,0.13600423699269604,-0.08404391857347461,-0.09175781532762788,0.6141774091004868,0.17554734005134692,0.00022788582179067313
1000,-2.735318158794239e-05,-0.1236942202805543,0.2176590235362979,0.15638410449738174,-0.00047669263675530655,0.13600423699269604,-0.08404391857347461,-0.09175781532762788,0.6141774091004868,0.17554734005134692,0.00022788582179067313
1001,-2.735318158794239e-05,-0.1236942202805543,0.2176590235362979,0.15638410449738174,-0.00047669263675530655,0.13600423699269604,-0.08404391857347461,-0.09175781532762788,0.6141774091004868,0.17554734005134692,0.00022788582179067313
1002,-2.735318158794239e-05,-0.1236942202805543,0.2176590235362979,0.15638410449738174,-0.00047669263675530655,0.13600423699269604,-0.08404391857347461,-0.09175781532762788,0.6141774091004868,0.17554734005134692,0.00022788582179067313
1003,0.02281471036603603,0.06057554456764604,1.0124553088115797,-0.08720752678813264,-0.08127997396391791,-0.0462212194258761,0.13947882331844555,0.03200951905261384,0.03266609388367877,-0.04607901818852757,-0.03921226163354572
1004,0.02281471036603603,0.06057554456764604,1.0124553088115797,-0.08720752678813264,-0.08127997396391791,-0.0462212194258761,0.13947882331844555,0.03200951905261384,0.03266609388367877,-0.04607901818852757,-0.03921226163354572
1005,0.02281471036603603,0.06057554456764604,1.0124553088115797,-0.08720752678813264,-0.08127997396391791,-0.0462212194258761,0.13947882331844555,0.03200951905261384,0.03266609388367877,-0.04607901818852757,-0.03921226163354572
1006,0.02281471036603603,0.06057554456764604,1.0124553088115797,-0.08720752678813264,-0.08127997396391791,-0.0462212194258761,0.13947882331844555,0.03200951905261384,0.03266609388367877,-0.04607901818852757,-0.03921226163354572
1007,0.02281471036603603,0.06057554456764604,1.0124553088115797,-0.08720752678813264,-0.08127997396391791,-0.0462212194258761,0.13947882331844555,0.03200951905261384,0.03266609388367877,-0.04607901818852757,-0.03921226163354572
1008,0.02281471036603603,0.06057554456764604,1.0124553088115797,-0.08720752678813264,-0.08127997396391791,-0.0462212194258761,0.13947882331844555,0.03200951905261384,0.03266609388367877,-0.04607901818852757,-0.03921226163354572
1009,0.02281471036603603,0.06057554456764604,1.0124553088115797,-0.08720752678813264,-0.08127997396391791,-0.0462212194258761,0.13947882331844555,0.03200951905261384,0.03266609388367877,-0.04607901818852757,-0.03921226163354572
1010,0.02281471036603603,0.06057554456764604,1.0124553088115797,-0.08720752678813264,-0.08127997396391791,-0.0462212194258761,0.13947882331844555,0.03200951905261384,0.03266609388367877,-0.04607901818852757,-0.03921226163354572
1011,0.02281471036603603,0.06057554456764604,1.0124553088115797,-0.08720752678813264,-0.08127997396391791,-0.0462212194258761,0.13947882331844555,0.03200951905261384,0.03266609388367877,-0.04607901818852757,-0.03921226163354572
1012,0.02281471036603603,0.06057554456764604,1.0124553088115797,-0.08720752678813264,-0.08127997396391791,-0.0462212194258761,0.13947882331844555,0.03200951905261384,0.03266609388367877,-0.04607901818852757,-0.03921226163354572
1013,0.02281471036603603,0.06057554456764604,1.0124553088115797,-0.08720752678813264,-0.08127997396391791,-0.0462212194258761,0.13947882331844555,0.03200951905261384,0.03266609388367877,-0.04607901818852757,-0.03921226163354572
1014,0.02281471036603603,0.06057554456764604,1.0124553088115797,-0.08720752678813264,-0.08127997396391791,-0.0462212194258761,0.13947882331844555,0.03200951905261384,0.03266609388367877,-0.04607901818852757,-0.03921226163354572
1015,0.02281471036603603,0.06057554456764604,1.0124553088115797,-0.08720752678813264,-0.08127997396391791,-0.0462212194258761,0.13947882331844555,0.03200951905261384,0.03266609388367877,-0.04607901818852757,-0.03921226163354572
1016,0.02281471036603603,0.06057554456764604,1.0124553088115797,-0.08720752678813264,-0.08127997396391791,-0.0462212194258761,0.13947882331844555,0.03200951905261384,0.03266609388367877,-0.04607901818852757,-0.03921226163354572
1017,0.02281471036603603,0.06057554456764604,1.0124553088115797,-0.08720752678813264,-0.08127997396391791,-0.0462212194258761,0.13947882331844555,0.03200951905261384,0.03266609388367877,-0.04607901818852757,-0.03921226163354572
1018,0.02281471036603603,0.06057554456764604,1.0124553088115797,-0.08720752678813264,-0.08127997396391791,-0.0462212194258761,0.13947882331844555,0.03200951905261384,0.03266609388367877,-0.04607901818852757,-0.03921226163354572
1019,0.02281471036603603,0.06057554456764604,1.0124553088115797,-0.08720752678813264,-0.08127997396391791,-0.0462212194258761,0.13947882331844555,0.03200951905261384,0.03266609388367877,-0.04607901818852757,-0.03921226163354572
1020,0.02281471036603603,0.06057554456764604,1.0124553088115797,-0.08720752678813264,-0.08127997396391791,-0.0462212194258761,0.13947882331844555,0.03200951905261384,0.03266609388367877,-0.04607901818852757,-0.03921226163354572
1021,0.02281471036603603,0.06057554456764604,1.0124553088115797,-0.08720752678813264,-0.08127997396391791,-0.0462212194258761,0.13947882331844555,0.03200951905261384,0.03266609388367877,-0.04607901818852757,-0.03921226163354572
1022,0.02281471036603603,0.06057554456764604,1.0124553088115797,-0.08720752678813264,-0.08127997396391791,-0.0462212194258761,0.13947882331844555,0.03200951905261384,0.03266609388367877,-0.04607901818852757,-0.03921226163354572
1023,0.02281471036603603,0.06057554456764604,1.0124553088115797,-0.08720752678813264,-0.08127997396391791,-0.0462212194258761,0.13947882331844555,0.03200951905261384,0.03266609388367877,-0.04607901818852757,-0.03921226163354572
1024,0.02281471036603603,0.06057554456764604,1.0124553088115797,-0.08720752678813264,-0.08127997396391791,-0.0462212194258761,0.13947882331844555,0.03200951905261384,0.03266609388367877,-0.04607901818852757,-0.03921226163354572
1025,0.02281471036603603,0.06057554456764604,1.0124553088115797,-0.08720752678813264,-0.08127997396391791,-0.0462212194258761,0.13947882331844555,0.03200951905261384,0.03266609388367877,-0.04607901818852757,-0.03921226163354572
1026,0.02281471036603603,0.06057554456764604,1.0124553088115797,-0.08720752678813264,-0.08127997396391791,-0.0462212194258761,0.13947882331844555,0.03200951905261384,0.03266609388367877,-0.04607901818852757,-0.03921226163354572
1027,0.02281471036603603,0.06057554456764604,1.0124553088115797,-0.08720752678813264,-0.08127997396391791,-0.0462212194258761,0.13947882331844555,0.03200951905261384,0.03266609388367877,-0.04607901818852757,-0.03921226163354572
1028,0.02281471036603603,0.06057554456764604,1.0124553088115797,-0.08720752678813264,-0.08127997396391791,-0.0462212194258761,0.13947882331844555,0.03200951905261384,0.03266609388367877,-0.04607901818852757,-0.03921226163354572
1029,0.02281471036603603,0.06057554456764604,1.0124553088115797,-0.08720752678813264,-0.08127997396391791,-0.0462212194258761,0.13947882331844555,0.03200951905261384,0.03266609388367877,-0.04607901818852757,-0.03921226163354572
1030,0.02281471036603603,0.06057554456764604,1.0124553088115797,-0.08720752678813264,-0.08127997396391791,-0.0462212194258761,0.13947882331844555,0.03200951905261384,0.03266609388367877,-0.04607901818852757,-0.03921226163354572
1031,0.02281471036603603,0.06057554456764604,1.0124553088115797,-0.08720752678813264,-0.08127997396391791,-0.0462212194258761,0.13947882331844555,0.03200951905261384,0.03266609388367877,-0.04607901818852757,-0.03921226163354572
1032,0.02281471036603603,0.06057554456764604,1.0124553088115797,-0.08720752678813264,-0.08127997396391791,-0.0462212194258761,0.13947882331844555,0.03200951905261384,0.03266609388367877,-0.04607901818852757,-0.03921226163354572
1033,0.02281471036603603,0.06057554456764604,1.0124553088115797,-0.08720752678813264,-0.08127997396391791,-0.0462212194258761,0.13947882331844555,0.03200951905261384,0.03266609388367877,-0.04607901818852757,-0.03921226163354572
1034,0.06924476711523968,0.05156300956330435,0.14024176033192937,0.10755838077452243,0.0694123898560396,0.09544417974061443,0.10789512177587045,0.046790368008619805,0.135793786859107,0.0522982946040395,0.12375794137071348
1035,0.06924476711523968,0.05156300956330435,0.14024176033192937,0.10755838077452243,0.0694123898560396,0.09544417974061443,0.10789512177587045,0.046790368008619805,0.135793786859107,0.0522982946040395,0.12375794137071348
1036,0.06924476711523968,0.05156300956330435,0.14024176033192937,0.10755838077452243,0.0694123898560396,0.09544417974061443,0.10789512177587045,0.046790368008619805,0.135793786859107,0.0522982946040395,0.12375794137071348
1037,0.06924476711523968,0.05156300956330435,0.14024176033192937,0.10755838077452243,0.0694123898560396,0.09544417974061443,0.10789512177587045,0.046790368008619805,0.135793786859107,0.0522982946040395,0.12375794137071348
1038,0.06924476711523968,0.05156300956330435,0.14024176033192937,0.10755838077452243,0.0694123898560396,0.09544417974061443,0.10789512177587045,0.046790368008619805,0.135793786859107,0.0522982946040395,0.12375794137071348
1039,0.06924476711523968,0.05156300956330435,0.14024176033192937,0.10755838077452243,0.0694123898560396,0.09544417974061443,0.10789512177587045,0.046790368008619805,0.135793786859107,0.0522982946040395,0.12375794137071348
1040,0.06924476711523968,0.05156300956330435,0.14024176033192937,0.10755838077452243,0.0694123898560396,0.09544417974061443,0.10789512177587045,0.046790368008619805,0.135793786859107,0.0522982946040395,0.12375794137071348
1041,0.06924476711523968,0.05156300956330435,0.14024176033192937,0.10755838077452243,0.0694123898560396,0.09544417974061443,0.10789512177587045,0.046790368008619805,0.135793786859107,0.0522982946040395,0.12375794137071348
1042,0.06924476711523968,0.05156300956330435,0.14024176033192937,0.10755838077452243,0.0694123898560396,0.09544417974061443,0.10789512177587045,0.046790368008619805,0.135793786859107,0.0522982946040395,0.12375794137071348
1043,0.06924476711523968,0.05156300956330435,0.14024176033192937,0.10755838077452243,0.0694123898560396,0.09544417974061443,0.10789512177587045,0.046790368008619805,0.135793786859107,0.0522982946040395,0.12375794137071348
1044,0.06924476711523968,0.05156300956330435,0.14024176033192937,0.10755838077452243,0.0694123898560396,0.09544417974061443,0.10789512177587045,0.046790368008619805,0.135793786859107,0.0522982946040395,0.12375794137071348
1045,0.06924476711523968,0.05156300956330435,0.14024176033192937,0.10755838077452243,0.0694123898560396,0.09544417974061443,0.10789512177587045,0.046790368008619805,0.135793786859107,0.0522982946040395,0.12375794137071348
1046,0.06924476711523968,0.05156300956330435,0.14024176033192937,0.10755838077452243,0.0694123898560396,0.09544417974061443,0.10789512177587045,0.046790368008619805,0.135793786859107,0.0522982946040395,0.12375794137071348
1047,0.06924476711523968,0.05156300956330435,0.14024176033192937,0.10755838077452243,0.0694123898560396,0.09544417974061443,0.10789512177587045,0.046790368008619805,0.135793786859107,0.0522982946040395,0.12375794137071348
1048,0.06924476711523968,0.05156300956330435,0.14024176033192937,0.10755838077452243,0.0694123898560396,0.09544417974061443,0.10789512177587045,0.046790368008619805,0.135793786859107,0.0522982946040395,0.12375794137071348
1049,0.06924476711523968,0.05156300956330435,0.14024176033192937,0.10755838077452243,0.0694123898560396,0.09544417974061443,0.10789512177587045,0.046790368008619805,0.135793786859107,0.0522982946040395,0.12375794137071348
1050,0.06924476711523968,0.05156300956330435,0.14024176033192937,0.10755838077452243,0.0694123898560396,0.09544417974061443,0.10789512177587045,0.046790368008619805,0.135793786859107,0.0522982946040395,0.12375794137071348
1051,0.06924476711523968,0.05156300956330435,0.14024176033192937,0.10755838077452243,0.0694123898560396,0.09544417974061443,0.10789512177587045,0.046790368008619805,0.135793786859107,0.0522982946040395,0.12375794137071348
1052,0.06924476711523968,0.05156300956330435,0.14024176033192937,0.10755838077452243,0.0694123898560396,0.09544417974061443,0.10789512177587045,0.046790368008619805,0.135793786859107,0.0522982946040395,0.12375794137071348
1053,0.06924476711523968,0.05156300956330435,0.14024176033192937,0.10755838077452243,0.0694123898560396,0.09544417974061443,0.10789512177587045,0.046790368008619805,0.135793786859107,0.0522982946040395,0.12375794137071348
1054,0.06924476711523968,0.05156300956330435,0.14024176033192937,0.10755838077452243,0.0694123898560396,0.09544417974061443,0.10789512177587045,0.046790368008619805,0.135793786859107,0.0522982946040395,0.12375794137071348
1055,0.06924476711523968,0.05156300956330435,0.14024176033192937,0.10755838077452243,0.0694123898560396,0.09544417974061443,0.10789512177587045,0.046790368008619805,0.135793786859107,0.0522982946040395,0.12375794137071348
1056,0.06924476711523968,0.05156300956330435,0.14024176033192937,0.10755838077452243,0.0694123898560396,0.09544417974061443,0.10789512177587045,0.046790368008619805,0.135793786859107,0.0522982946040395,0.12375794137071348
1057,0.06924476711523968,0.05156300956330435,0.14024176033192937,0.10755838077452243,0.0694123898560396,0.09544417974061443,0.10789512177587045,0.046790368008619805,0.135793786859107,0.0522982946040395,0.12375794137071348
1058,0.06924476711523968,0.05156300956330435,0.14024176033192937,0.10755838077452243,0.0694123898560396,0.09544417974061443,0.10789512177587045,0.046790368008619805,0.135793786859107,0.0522982946040395,0.12375794137071348
1059,0.06924476711523968,0.05156300956330435,0.14024176033192937,0.10755838077452243,0.0694123898560396,0.09544417974061443,0.10789512177587045,0.046790368008619805,0.135793786859107,0.0522982946040395,0.12375794137071348
1060,0.06924476711523968,0.05156300956330435,0.14024176033192937,0.10755838077452243,0.0694123898560396,0.09544417974061443,0.10789512177587045,0.046790368008619805,0.135793786859107,0.0522982946040395,0.12375794137071348
1061,0.06924476711523968,0.05156300956330435,0.14024176033192937,0.10755838077452243,0.0694123898560396,0.09544417974061443,0.10789512177587045,0.046790368008619805,0.135793786859107,0.0522982946040395,0.12375794137071348
1062,0.06924476711523968,0.05156300956330435,0.14024176033192937,0.10755838077452243,0.0694123898560396,0.09544417974061443,0.10789512177587045,0.046790368008619805,0.135793786859107,0.0522982946040395,0.12375794137071348
1063,0.06924476711523968,0.05156300956330435,0.14024176033192937,0.10755838077452243,0.0694123898560396,0.09544417974061443,0.10789512177587045,0.046790368008619805,0.135793786859107,0.0522982946040395,0.12375794137071348
1064,0.14400220265479619,0.19516223856634318,0.1367849698732715,0.09246899664327995,0.11833144574987271,0.15274113256651195,0.1522561139284392,0.11667679532227919,0.11843848370395464,-0.3,0.07313762099125144
1065,0.14400220265479619,0.19516223856634318,0.1367849698732715,0.09246899664327995,0.11833144574987271,0.15274113256651195,0.1522561139284392,0.11667679532227919,0.11843848370395464,-0.3,0.07313762099125144
1066,0.14400220265479619,0.19516223856634318,0.1367849698732715,0.09246899664327995,0.11833144574987271,0.15274113256651195,0.1522561139284392,0.11667679532227919,0.11843848370395464,-0.3,0.07313762099125144
1067,0.14400220265479619,0.19516223856634318,0.1367849698732715,0.09246899664327995,0.11833144574987271,0.15274113256651195,0.1522561139284392,0.11667679532227919,0.11843848370395464,-0.3,0.07313762099125144
1068,0.14400220265479619,0.19516223856634318,0.1367849698732715,0.09246899664327995,0.11833144574987271,0.15274113256651195,0.1522561139284392,0.11667679532227919,0.11843848370395464,-0.3,0.07313762099125144
1069,0.14400220265479619,0.19516223856634318,0.1367849698732715,0.09246899664327995,0.11833144574987271,0.15274113256651195,0.1522561139284392,0.11667679532227919,0.11843848370395464,-0.3,0.07313762099125144
1070,0.14400220265479619,0.19516223856634318,0.1367849698732715,0.09246899664327995,0.11833144574987271,0.15274113256651195,0.1522561139284392,0.11667679532227919,0.11843848370395464,-0.3,0.07313762099125144
1071,0.14400220265479619,0.19516223856634318,0.1367849698732715,0.09246899664327995,0.11833144574987271,0.15274113256651195,0.1522561139284392,0.11667679532227919,0.11843848370395464,-0.3,0.07313762099125144
1072,0.14400220265479619,0.19516223856634318,0.1367849698732715,0.09246899664327995,0.11833144574987271,0.15274113256651195,0.1522561139284392,0.11667679532227919,0.11843848370395464,-0.3,0.07313762099125144
1073,0.14400220265479619,0.19516223856634318,0.1367849698732715,0.09246899664327995,0.11833144574987271,0.15274113256651195,0.1522561139284392,0.11667679532227919,0.11843848370395464,-0.3,0.07313762099125144
1074,0.14400220265479619,0.19516223856634318,0.1367849698732715,0.09246899664327995,0.11833144574987271,0.15274113256651195,0.1522561139284392,0.11667679532227919,0.11843848370395464,-0.3,0.07313762099125144
1075,0.14400220265479619,0.19516223856634318,0.1367849698732715,0.09246899664327995,0.11833144574987271,0.15274113256651195,0.1522561139284392,0.11667679532227919,0.11843848370395464,-0.3,0.07313762099125144
1076,0.14400220265479619,0.19516223856634318,0.1367849698732715,0.09246899664327995,0.11833144574987271,0.15274113256651195,0.1522561139284392,0.11667679532227919,0.11843848370395464,-0.3,0.07313762099125144
1077,0.14400220265479619,0.19516223856634318,0.1367849698732715,0.09246899664327995,0.11833144574987271,0.15274113256651195,0.1522561139284392,0.11667679532227919,0.11843848370395464,-0.3,0.07313762099125144
1078,0.14400220265479619,0.19516223856634318,0.1367849698732715,0.09246899664327995,0.11833144574987271,0.15274113256651195,0.1522561139284392,0.11667679532227919,0.11843848370395464,-0.3,0.07313762099125144
1079,0.14400220265479619,0.19516223856634318,0.1367849698732715,0.09246899664327995,0.11833144574987271,0.15274113256651195,0.1522561139284392,0.11667679532227919,0.11843848370395464,-0.3,0.07313762099125144
1080,0.14400220265479619,0.19516223856634318,0.1367849698732715,0.09246899664327995,0.11833144574987271,0.15274113256651195,0.1522561139284392,0.11667679532227919,0.11843848370395464,-0.3,0.07313762099125144
1081,0.14400220265479619,0.19516223856634318,0.1367849698732715,0.09246899664327995,0.11833144574987271,0.15274113256651195,0.1522561139284392,0.11667679532227919,0.11843848370395464,-0.3,0.07313762099125144
1082,0.14400220265479619,0.19516223856634318,0.1367849698732715,0.09246899664327995,0.11833144574987271,0.15274113256651195,0.1522561139284392,0.11667679532227919,0.11843848370395464,-0.3,0.07313762099125144
1083,0.14400220265479619,0.19516223856634318,0.1367849698732715,0.09246899664327995,0.11833144574987271,0.15274113256651195,0.1522561139284392,0.11667679532227919,0.11843848370395464,-0.3,0.07313762099125144
1084,0.14400220265479619,0.19516223856634318,0.1367849698732715,0.09246899664327995,0.11833144574987271,0.15274113256651195,0.1522561139284392,0.11667679532227919,0.11843848370395464,-0.3,0.07313762099125144
1085,0.14400220265479619,0.19516223856634318,0.1367849698732715,0.09246899664327995,0.11833144574987271,0.15274113256651195,0.1522561139284392,0.11667679532227919,0.11843848370395464,-0.3,0.07313762099125144
1086,0.14400220265479619,0.19516223856634318,0.1367849698732715,0.09246899664327995,0.11833144574987271,0.15274113256651195,0.1522561139284392,0.11667679532227919,0.11843848370395464,-0.3,0.07313762099125144
1087,0.14400220265479619,0.19516223856634318,0.1367849698732715,0.09246899664327995,0.11833144574987271,0.15274113256651195,0.1522561139284392,0.11667679532227919,0.11843848370395464,-0.3,0.07313762099125144
1088,0.14400220265479619,0.19516223856634318,0.1367849698732715,0.09246899664327995,0.11833144574987271,0.15274113256651195,0.1522561139284392,0.11667679532227919,0.11843848370395464,-0.3,0.07313762099125144
1089,0.14400220265479619,0.19516223856634318,0.1367849698732715,0.09246899664327995,0.11833144574987271,0.15274113256651195,0.1522561139284392,0.11667679532227919,0.11843848370395464,-0.3,0.07313762099125144
1090,0.14400220265479619,0.19516223856634318,0.1367849698732715,0.09246899664327995,0.11833144574987271,0.15274113256651195,0.1522561139284392,0.11667679532227919,0.11843848370395464,-0.3,0.07313762099125144
1091,0.14400220265479619,0.19516223856634318,0.1367849698732715,0.09246899664327995,0.11833144574987271,0.15274113256651195,0.1522561139284392,0.11667679532227919,0.11843848370395464,-0.3,0.07313762099125144
1092,0.14400220265479619,0.19516223856634318,0.1367849698732715,0.09246899664327995,0.11833144574987271,0.15274113256651195,0.1522561139284392,0.11667679532227919,0.11843848370395464,-0.3,0.07313762099125144
1093,0.14400220265479619,0.19516223856634318,0.1367849698732715,0.09246899664327995,0.11833144574987271,0.15274113256651195,0.1522561139284392,0.11667679532227919,0.11843848370395464,-0.3,0.07313762099125144
1094,0.14400220265479619,0.19516223856634318,0.1367849698732715,0.09246899664327995,0.11833144574987271,0.15274113256651195,0.1522561139284392,0.11667679532227919,0.11843848370395464,-0.3,0.07313762099125144
1095,0.10759514436019427,0.08884326744329281,0.06256481914592366,0.021963233090028365,0.022573742343021074,0.08267105478637073,0.04615357965612072,0.034061205617992654,0.05123981832682785,0.38384674732446283,0.09848738790576508
1096,0.10759514436019427,0.08884326744329281,0.06256481914592366,0.021963233090028365,0.022573742343021074,0.08267105478637073,0.04615357965612072,0.034061205617992654,0.05123981832682785,0.38384674732446283,0.09848738790576508
1097,0.10759514436019427,0.08884326744329281,0.06256481914592366,0.021963233090028365,0.022573742343021074,0.08267105478637073,0.04615357965612072,0.034061205617992654,0.05123981832682785,0.38384674732446283,0.09848738790576508
1098,0.10759514436019427,0.08884326744329281,0.06256481914592366,0.021963233090028365,0.022573742343021074,0.08267105478637073,0.04615357965612072,0.034061205617992654,0.05123981832682785,0.38384674732446283,0.09848738790576508
1099,0.10759514436019427,0.08884326744329281,0.06256481914592366,0.021963233090028365,0.022573742343021074,0.08267105478637073,0.04615357965612072,0.034061205617992654,0.05123981832682785,0.38384674732446283,0.09848738790576508
1100,0.10759514436019427,0.08884326744329281,0.06256481914592366,0.021963233090028365,0.022573742343021074,0.08267105478637073,0.04615357965612072,0.034061205617992654,0.05123981832682785,0.38384674732446283,0.09848738790576508
1101,0.10759514436019427,0.08884326744329281,0.06256481914592366,0.021963233090028365,0.022573742343021074,0.08267105478637073,0.04615357965612072,0.034061205617992654,0.05123981832682785,0.38384674732446283,0.09848738790576508
1102,0.10759514436019427,0.08884326744329281,0.06256481914592366,0.021963233090028365,0.022573742343021074,0.08267105478637073,0.04615357965612072,0.034061205617992654,0.05123981832682785,0.38384674732446283,0.09848738790576508
1103,0.10759514436019427,0.08884326744329281,0.06256481914592366,0.021963233090028365,0.022573742343021074,0.08267105478637073,0.04615357965612072,0.034061205617992654,0.05123981832682785,0.38384674732446283,0.09848738790576508
1104,0.10759514436019427,0.08884326744329281,0.06256481914592366,0.021963233090028365,0.022573742343021074,0.08267105478637073,0.04615357965612072,0.034061205617992654,0.05123981832682785,0.38384674732446283,0.09848738790576508
1105,0.10759514436019427,0.08884326744329281,0.06256481914592366,0.021963233090028365,0.022573742343021074,0.08267105478637073,0.04615357965612072,0.034061205617992654,0.05123981832682785,0.38384674732446283,0.09848738790576508
1106,0.10759514436019427,0.08884326744329281,0.06256481914592366,0.021963233090028365,0.022573742343021074,0.08267105478637073,0.04615357965612072,0.034061205617992654,0.05123981832682785,0.38384674732446283,0.09848738790576508
1107,0.10759514436019427,0.08884326744329281,0.06256481914592366,0.021963233090028365,0.022573742343021074,0.08267105478637073,0.04615357965612072,0.034061205617992654,0.05123981832682785,0.38384674732446283,0.09848738790576508
1108,0.10759514436019427,0.08884326744329281,0.06256481914592366,0.021963233090028365,0.022573742343021074,0.08267105478637073,0.04615357965612072,0.034061205617992654,0.05123981832682785,0.38384674732446283,0.09848738790576508
1109,0.10759514436019427,0.08884326744329281,0.06256481914592366,0.021963233090028365,0.022573742343021074,0.08267105478637073,0.04615357965612072,0.034061205617992654,0.05123981832682785,0.38384674732446283,0.09848738790576508
1110,0.10759514436019427,0.08884326744329281,0.06256481914592366,0.021963233090028365,0.022573742343021074,0.08267105478637073,0.04615357965612072,0.034061205617992654,0.05123981832682785,0.38384674732446283,0.09848738790576508
1111,0.10759514436019427,0.08884326744329281,0.06256481914592366,0.021963233090028365,0.022573742343021074,0.08267105478637073,0.04615357965612072,0.034061205617992654,0.05123981832682785,0.38384674732446283,0.09848738790576508
1112,0.10759514436019427,0.08884326744329281,0.06256481914592366,0.021963233090028365,0.022573742343021074,0.08267105478637073,0.04615357965612072,0.034061205617992654,0.05123981832682785,0.38384674732446283,0.09848738790576508
1113,0.10759514436019427,0.08884326744329281,0.06256481914592366,0.021963233090028365,0.022573742343021074,0.08267105478637073,0.04615357965612072,0.034061205617992654,0.05123981832682785,0.38384674732446283,0.09848738790576508
1114,0.10759514436019427,0.08884326744329281,0.06256481914592366,0.021963233090028365,0.022573742343021074,0.08267105478637073,0.04615357965612072,0.034061205617992654,0.05123981832682785,0.38384674732446283,0.09848738790576508
1115,0.10759514436019427,0.08884326744329281,0.06256481914592366,0.021963233090028365,0.022573742343021074,0.08267105478637073,0.04615357965612072,0.034061205617992654,0.05123981832682785,0.38384674732446283,0.09848738790576508
1116,0.10759514436019427,0.08884326744329281,0.06256481914592366,0.021963233090028365,0.022573742343021074,0.08267105478637073,0.04615357965612072,0.034061205617992654,0.05123981832682785,0.38384674732446283,0.09848738790576508
1117,0.10759514436019427,0.08884326744329281,0.06256481914592366,0.021963233090028365,0.022573742343021074,0.08267105478637073,0.04615357965612072,0.034061205617992654,0.05123981832682785,0.38384674732446283,0.09848738790576508
1118,0.10759514436019427,0.08884326744329281,0.06256481914592366,0.021963233090028365,0.022573742343021074,0.08267105478637073,0.04615357965612072,0.034061205617992654,0.05123981832682785,0.38384674732446283,0.09848738790576508
1119,0.10759514436019427,0.08884326744329281,0.06256481914592366,0.021963233090028365,0.022573742343021074,0.08267105478637073,0.04615357965612072,0.034061205617992654,0.05123981832682785,0.38384674732446283,0.09848738790576508
1120,0.10759514436019427,0.08884326744329281,0.06256481914592366,0.021963233090028365,0.022573742343021074,0.08267105478637073,0.04615357965612072,0.034061205617992654,0.05123981832682785,0.38384674732446283,0.09848738790576508
1121,0.10759514436019427,0.08884326744329281,0.06256481914592366,0.021963233090028365,0.022573742343021074,0.08267105478637073,0.04615357965612072,0.034061205617992654,0.05123981832682785,0.38384674732446283,0.09848738790576508
1122,0.10759514436019427,0.08884326744329281,0.06256481914592366,0.021963233090028365,0.022573742343021074,0.08267105478637073,0.04615357965612072,0.034061205617992654,0.05123981832682785,0.38384674732446283,0.09848738790576508
1123,0.10759514436019427,0.08884326744329281,0.06256481914592366,0.021963233090028365,0.022573742343021074,0.08267105478637073,0.04615357965612072,0.034061205617992654,0.05123981832682785,0.38384674732446283,0.09848738790576508
1124,0.10759514436019427,0.08884326744329281,0.06256481914592366,0.021963233090028365,0.022573742343021074,0.08267105478637073,0.04615357965612072,0.034061205617992654,0.05123981832682785,0.38384674732446283,0.09848738790576508
1125,0.10759514436019427,0.08884326744329281,0.06256481914592366,0.021963233090028365,0.022573742343021074,0.08267105478637073,0.04615357965612072,0.034061205617992654,0.05123981832682785,0.38384674732446283,0.09848738790576508
1126,0.06530600604192453,0.11784627011545647,0.07092273422096086,0.17776498901116636,0.06687542898164499,0.07812833052670543,0.08464955504193783,0.06766096764627805,0.11724312113491642,0.06827780137664974,0.08532479590235936
1127,0.06530600604192453,0.11784627011545647,0.07092273422096086,0.17776498901116636,0.06687542898164499,0.07812833052670543,0.08464955504193783,0.06766096764627805,0.11724312113491642,0.06827780137664974,0.08532479590235936
1128,0.06530600604192453,0.11784627011545647,0.07092273422096086,0.17776498901116636,0.06687542898164499,0.07812833052670543,0.08464955504193783,0.06766096764627805,0.11724312113491642,0.06827780137664974,0.08532479590235936
1129,0.06530600604192453,0.11784627011545647,0.07092273422096086,0.17776498901116636,0.06687542898164499,0.07812833052670543,0.08464955504193783,0.06766096764627805,0.11724312113491642,0.06827780137664974,0.08532479590235936
1130,0.06530600604192453,0.11784627011545647,0.07092273422096086,0.17776498901116636,0.06687542898164499,0.07812833052670543,0.08464955504193783,0.06766096764627805,0.11724312113491642,0.06827780137664974,0.08532479590235936
1131,0.06530600604192453,0.11784627011545647,0.07092273422096086,0.17776498901116636,0.06687542898164499,0.07812833052670543,0.08464955504193783,0.06766096764627805,0.11724312113491642,0.06827780137664974,0.08532479590235936
1132,0.06530600604192453,0.11784627011545647,0.07092273422096086,0.17776498901116636,0.06687542898164499,0.07812833052670543,0.08464955504193783,0.06766096764627805,0.11724312113491642,0.06827780137664974,0.08532479590235936
1133,0.06530600604192453,0.11784627011545647,0.07092273422096086,0.17776498901116636,0.06687542898164499,0.07812833052670543,0.08464955504193783,0.06766096764627805,0.11724312113491642,0.06827780137664974,0.08532479590235936
1134,0.06530600604192453,0.11784627011545647,0.07092273422096086,0.17776498901116636,0.06687542898164499,0.07812833052670543,0.08464955504193783,0.06766096764627805,0.11724312113491642,0.06827780137664974,0.08532479590235936
1135,0.06530600604192453,0.11784627011545647,0.07092273422096086,0.17776498901116636,0.06687542898164499,0.07812833052670543,0.08464955504193783,0.06766096764627805,0.11724312113491642,0.06827780137664974,0.08532479590235936
1136,0.06530600604192453,0.11784627011545647,0.07092273422096086,0.17776498901116636,0.06687542898164499,0.07812833052670543,0.08464955504193783,0.06766096764627805,0.11724312113491642,0.06827780137664974,0.08532479590235936
1137,0.06530600604192453,0.11784627011545647,0.07092273422096086,0.17776498901116636,0.06687542898164499,0.07812833052670543,0.08464955504193783,0.06766096764627805,0.11724312113491642,0.06827780137664974,0.08532479590235936
1138,0.06530600604192453,0.11784627011545647,0.07092273422096086,0.17776498901116636,0.06687542898164499,0.07812833052670543,0.08464955504193783,0.06766096764627805,0.11724312113491642,0.06827780137664974,0.08532479590235936
1139,0.06530600604192453,0.11784627011545647,0.07092273422096086,0.17776498901116636,0.06687542898164499,0.07812833052670543,0.08464955504193783,0.06766096764627805,0.11724312113491642,0.06827780137664974,0.08532479590235936
1140,0.06530600604192453,0.11784627011545647,0.07092273422096086,0.17776498901116636,0.06687542898164499,0.07812833052670543,0.08464955504193783,0.06766096764627805,0.11724312113491642,0.06827780137664974,0.08532479590235936
1141,0.06530600604192453,0.11784627011545647,0.07092273422096086,0.17776498901116636,0.06687542898164499,0.07812833052670543,0.08464955504193783,0.06766096764627805,0.11724312113491642,0.06827780137664974,0.08532479590235936
1142,0.06530600604192453,0.11784627011545647,0.07092273422096086,0.17776498901116636,0.06687542898164499,0.07812833052670543,0.08464955504193783,0.06766096764627805,0.11724312113491642,0.06827780137664974,0.08532479590235936
1143,0.06530600604192453,0.11784627011545647,0.07092273422096086,0.17776498901116636,0.06687542898164499,0.07812833052670543,0.08464955504193783,0.06766096764627805,0.11724312113491642,0.06827780137664974,0.08532479590235936
1144,0.06530600604192453,0.11784627011545647,0.07092273422096086,0.17776498901116636,0.06687542898164499,0.07812833052670543,0.08464955504193783,0.06766096764627805,0.11724312113491642,0.06827780137664974,0.08532479590235936
1145,0.06530600604192453,0.11784627011545647,0.07092273422096086,0.17776498901116636,0.06687542898164499,0.07812833052670543,0.08464955504193783,0.06766096764627805,0.11724312113491642,0.06827780137664974,0.08532479590235936
1146,0.06530600604192453,0.11784627011545647,0.07092273422096086,0.17776498901116636,0.06687542898164499,0.07812833052670543,0.08464955504193783,0.06766096764627805,0.11724312113491642,0.06827780137664974,0.08532479590235936
1147,0.06530600604192453,0.11784627011545647,0.07092273422096086,0.17776498901116636,0.06687542898164499,0.07812833052670543,0.08464955504193783,0.06766096764627805,0.11724312113491642,0.06827780137664974,0.08532479590235936
1148,0.06530600604192453,0.11784627011545647,0.07092273422096086,0.17776498901116636,0.06687542898164499,0.07812833052670543,0.08464955504193783,0.06766096764627805,0.11724312113491642,0.06827780137664974,0.08532479590235936
1149,0.06530600604192453,0.11784627011545647,0.07092273422096086,0.17776498901116636,0.06687542898164499,0.07812833052670543,0.08464955504193783,0.06766096764627805,0.11724312113491642,0.06827780137664974,0.08532479590235936
1150,0.06530600604192453,0.11784627011545647,0.07092273422096086,0.17776498901116636,0.06687542898164499,0.07812833052670543,0.08464955504193783,0.06766096764627805,0.11724312113491642,0.06827780137664974,0.08532479590235936
1151,0.06530600604192453,0.11784627011545647,0.07092273422096086,0.17776498901116636,0.06687542898164499,0.07812833052670543,0.08464955504193783,0.06766096764627805,0.11724312113491642,0.06827780137664974,0.08532479590235936
1152,0.06530600604192453,0.11784627011545647,0.07092273422096086,0.17776498901116636,0.06687542898164499,0.07812833052670543,0.08464955504193783,0.06766096764627805,0.11724312113491642,0.06827780137664974,0.08532479590235936
1153,0.06530600604192453,0.11784627011545647,0.07092273422096086,0.17776498901116636,0.06687542898164499,0.07812833052670543,0.08464955504193783,0.06766096764627805,0.11724312113491642,0.06827780137664974,0.08532479590235936
1154,0.06530600604192453,0.11784627011545647,0.07092273422096086,0.17776498901116636,0.06687542898164499,0.07812833052670543,0.08464955504193783,0.06766096764627805,0.11724312113491642,0.06827780137664974,0.08532479590235936
1155,0.08828495094589908,0.15063946941724418,0.08238253701657366,0.04492227563119893,0.04471028356127772,0.12271238939316462,0.06460443040645247,0.16445504457566495,0.05386966772055517,0.10475352334403762,0.0786654279879314
1156,0.08828495094589908,0.15063946941724418,0.08238253701657366,0.04492227563119893,0.04471028356127772,0.12271238939316462,0.06460443040645247,0.16445504457566495,0.05386966772055517,0.10475352334403762,0.0786654279879314
1157,0.08828495094589908,0.15063946941724418,0.08238253701657366,0.04492227563119893,0.04471028356127772,0.12271238939316462,0.06460443040645247,0.16445504457566495,0.05386966772055517,0.10475352334403762,0.0786654279879314
1158,0.08828495094589908,0.15063946941724418,0.08238253701657366,0.04492227563119893,0.04471028356127772,0.12271238939316462,0.06460443040645247,0.16445504457566495,0.05386966772055517,0.10475352334403762,0.0786654279879314
1159,0.08828495094589908,0.15063946941724418,0.08238253701657366,0.04492227563119893,0.04471028356127772,0.12271238939316462,0.06460443040645247,0.16445504457566495,0.05386966772055517,0.10475352334403762,0.0786654279879314
1160,0.08828495094589908,0.15063946941724418,0.08238253701657366,0.04492227563119893,0.04471028356127772,0.12271238939316462,0.06460443040645247,0.16445504457566495,0.05386966772055517,0.10475352334403762,0.0786654279879314
1161,0.08828495094589908,0.15063946941724418,0.08238253701657366,0.04492227563119893,0.04471028356127772,0.12271238939316462,0.06460443040645247,0.16445504457566495,0.05386966772055517,0.10475352334403762,0.0786654279879314
1162,0.08828495094589908,0.15063946941724418,0.08238253701657366,0.04492227563119893,0.04471028356127772,0.12271238939316462,0.06460443040645247,0.16445504457566495,0.05386966772055517,0.10475352334403762,0.0786654279879314
1163,0.08828495094589908,0.15063946941724418,0.08238253701657366,0.04492227563119893,0.04471028356127772,0.12271238939316462,0.06460443040645247,0.16445504457566495,0.05386966772055517,0.10475352334403762,0.0786654279879314
1164,0.08828495094589908,0.15063946941724418,0.08238253701657366,0.04492227563119893,0.04471028356127772,0.12271238939316462,0.06460443040645247,0.16445504457566495,0.05386966772055517,0.10475352334403762,0.0786654279879314
1165,0.08828495094589908,0.15063946941724418,0.08238253701657366,0.04492227563119893,0.04471028356127772,0.12271238939316462,0.06460443040645247,0.16445504457566495,0.05386966772055517,0.10475352334403762,0.0786654279879314
1166,0.08828495094589908,0.15063946941724418,0.08238253701657366,0.04492227563119893,0.04471028356127772,0.12271238939316462,0.06460443040645247,0.16445504457566495,0.05386966772055517,0.10475352334403762,0.0786654279879314
1167,0.08828495094589908,0.15063946941724418,0.08238253701657366,0.04492227563119893,0.04471028356127772,0.12271238939316462,0.06460443040645247,0.16445504457566495,0.05386966772055517,0.10475352334403762,0.0786654279879314
1168,0.08828495094589908,0.15063946941724418,0.08238253701657366,0.04492227563119893,0.04471028356127772,0.12271238939316462,0.06460443040645247,0.16445504457566495,0.05386966772055517,0.10475352334403762,0.0786654279879314
1169,0.08828495094589908,0.15063946941724418,0.08238253701657366,0.04492227563119893,0.04471028356127772,0.12271238939316462,0.06460443040645247,0.16445504457566495,0.05386966772055517,0.10475352334403762,0.0786654279879314
1170,0.08828495094589908,0.15063946941724418,0.08238253701657366,0.04492227563119893,0.04471028356127772,0.12271238939316462,0.06460443040645247,0.16445504457566495,0.05386966772055517,0.10475352334403762,0.0786654279879314
1171,0.08828495094589908,0.15063946941724418,0.08238253701657366,0.04492227563119893,0.04471028356127772,0.12271238939316462,0.06460443040645247,0.16445504457566495,0.05386966772055517,0.10475352334403762,0.0786654279879314
1172,0.08828495094589908,0.15063946941724418,0.08238253701657366,0.04492227563119893,0.04471028356127772,0.12271238939316462,0.06460443040645247,0.16445504457566495,0.05386966772055517,0.10475352334403762,0.0786654279879314
1173,0.08828495094589908,0.15063946941724418,0.08238253701657366,0.04492227563119893,0.04471028356127772,0.12271238939316462,0.06460443040645247,0.16445504457566495,0.05386966772055517,0.10475352334403762,0.0786654279879314
1174,0.08828495094589908,0.15063946941724418,0.08238253701657366,0.04492227563119893,0.04471028356127772,0.12271238939316462,0.06460443040645247,0.16445504457566495,0.05386966772055517,0.10475352334403762,0.0786654279879314
1175,0.08828495094589908,0.15063946941724418,0.08238253701657366,0.04492227563119893,0.04471028356127772,0.12271238939316462,0.06460443040645247,0.16445504457566495,0.05386966772055517,0.10475352334403762,0.0786654279879314
1176,0.08828495094589908,0.15063946941724418,0.08238253701657366,0.04492227563119893,0.04471028356127772,0.12271238939316462,0.06460443040645247,0.16445504457566495,0.05386966772055517,0.10475352334403762,0.0786654279879314
1177,0.08828495094589908,0.15063946941724418,0.08238253701657366,0.04492227563119893,0.04471028356127772,0.12271238939316462,0.06460443040645247,0.16445504457566495,0.05386966772055517,0.10475352334403762,0.0786654279879314
1178,0.08828495094589908,0.15063946941724418,0.08238253701657366,0.04492227563119893,0.04471028356127772,0.12271238939316462,0.06460443040645247,0.16445504457566495,0.05386966772055517,0.10475352334403762,0.0786654279879314
1179,0.08828495094589908,0.15063946941724418,0.08238253701657366,0.04492227563119893,0.04471028356127772,0.12271238939316462,0.06460443040645247,0.16445504457566495,0.05386966772055517,0.10475352334403762,0.0786654279879314
1180,0.08828495094589908,0.15063946941724418,0.08238253701657366,0.04492227563119893,0.04471028356127772,0.12271238939316462,0.06460443040645247,0.16445504457566495,0.05386966772055517,0.10475352334403762,0.0786654279879314
1181,0.08828495094589908,0.15063946941724418,0.08238253701657366,0.04492227563119893,0.04471028356127772,0.12271238939316462,0.06460443040645247,0.16445504457566495,0.05386966772055517,0.10475352334403762,0.0786654279879314
1182,0.08828495094589908,0.15063946941724418,0.08238253701657366,0.04492227563119893,0.04471028356127772,0.12271238939316462,0.06460443040645247,0.16445504457566495,0.05386966772055517,0.10475352334403762,0.0786654279879314
1183,0.08828495094589908,0.15063946941724418,0.08238253701657366,0.04492227563119893,0.04471028356127772,0.12271238939316462,0.06460443040645247,0.16445504457566495,0.05386966772055517,0.10475352334403762,0.0786654279879314
1184,0.08828495094589908,0.15063946941724418,0.08238253701657366,0.04492227563119893,0.04471028356127772,0.12271238939316462,0.06460443040645247,0.16445504457566495,0.05386966772055517,0.10475352334403762,0.0786654279879314
1185,0.08828495094589908,0.15063946941724418,0.08238253701657366,0.04492227563119893,0.04471028356127772,0.12271238939316462,0.06460443040645247,0.16445504457566495,0.05386966772055517,0.10475352334403762,0.0786654279879314
1186,-0.04205436440371224,-0.030731302288529015,-0.01630563540496908,0.014344413953007024,0.05386164129047529,0.34179520991063633,0.4018631023588572,-0.16137561380095855,-9.066247799495532e-09,0.4881356324870243,-0.04953307503558329
1187,-0.04205436440371224,-0.030731302288529015,-0.01630563540496908,0.014344413953007024,0.05386164129047529,0.34179520991063633,0.4018631023588572,-0.16137561380095855,-9.066247799495532e-09,0.4881356324870243,-0.04953307503558329
1188,-0.04205436440371224,-0.030731302288529015,-0.01630563540496908,0.014344413953007024,0.05386164129047529,0.34179520991063633,0.4018631023588572,-0.16137561380095855,-9.066247799495532e-09,0.4881356324870243,-0.04953307503558329
1189,-0.04205436440371224,-0.030731302288529015,-0.01630563540496908,0.014344413953007024,0.05386164129047529,0.34179520991063633,0.4018631023588572,-0.16137561380095855,-9.066247799495532e-09,0.4881356324870243,-0.04953307503558329
1190,-0.04205436440371224,-0.030731302288529015,-0.01630563540496908,0.014344413953007024,0.05386164129047529,0.34179520991063633,0.4018631023588572,-0.16137561380095855,-9.066247799495532e-09,0.4881356324870243,-0.04953307503558329
1191,-0.04205436440371224,-0.030731302288529015,-0.01630563540496908,0.014344413953007024,0.05386164129047529,0.34179520991063633,0.4018631023588572,-0.16137561380095855,-9.066247799495532e-09,0.4881356324870243,-0.04953307503558329
1192,-0.04205436440371224,-0.030731302288529015,-0.01630563540496908,0.014344413953007024,0.05386164129047529,0.34179520991063633,0.4018631023588572,-0.16137561380095855,-9.066247799495532e-09,0.4881356324870243,-0.04953307503558329
1193,-0.04205436440371224,-0.030731302288529015,-0.01630563540496908,0.014344413953007024,0.05386164129047529,0.34179520991063633,0.4018631023588572,-0.16137561380095855,-9.066247799495532e-09,0.4881356324870243,-0.04953307503558329
1194,-0.04205436440371224,-0.030731302288529015,-0.01630563540496908,0.014344413953007024,0.05386164129047529,0.34179520991063633,0.4018631023588572,-0.16137561380095855,-9.066247799495532e-09,0.4881356324870243,-0.04953307503558329
1195,-0.04205436440371224,-0.030731302288529015,-0.01630563540496908,0.014344413953007024,0.05386164129047529,0.34179520991063633,0.4018631023588572,-0.16137561380095855,-9.066247799495532e-09,0.4881356324870243,-0.04953307503558329
1196,-0.04205436440371224,-0.030731302288529015,-0.01630563540496908,0.014344413953007024,0.05386164129047529,0.34179520991063633,0.4018631023588572,-0.16137561380095855,-9.066247799495532e-09,0.4881356324870243,-0.04953307503558329
1197,-0.04205436440371224,-0.030731302288529015,-0.01630563540496908,0.014344413953007024,0.05386164129047529,0.34179520991063633,0.4018631023588572,-0.16137561380095855,-9.066247799495532e-09,0.4881356324870243,-0.04953307503558329
1198,-0.04205436440371224,-0.030731302288529015,-0.01630563540496908,0.014344413953007024,0.05386164129047529,0.34179520991063633,0.4018631023588572,-0.16137561380095855,-9.066247799495532e-09,0.4881356324870243,-0.04953307503558329
1199,-0.04205436440371224,-0.030731302288529015,-0.01630563540496908,0.014344413953007024,0.05386164129047529,0.34179520991063633,0.4018631023588572,-0.16137561380095855,-9.066247799495532e-09,0.4881356324870243,-0.04953307503558329
1200,-0.04205436440371224,-0.030731302288529015,-0.01630563540496908,0.014344413953007024,0.05386164129047529,0.34179520991063633,0.4018631023588572,-0.16137561380095855,-9.066247799495532e-09,0.4881356324870243,-0.04953307503558329
1201,-0.04205436440371224,-0.030731302288529015,-0.01630563540496908,0.014344413953007024,0.05386164129047529,0.34179520991063633,0.4018631023588572,-0.16137561380095855,-9.066247799495532e-09,0.4881356324870243,-0.04953307503558329
1202,-0.04205436440371224,-0.030731302288529015,-0.01630563540496908,0.014344413953007024,0.05386164129047529,0.34179520991063633,0.4018631023588572,-0.16137561380095855,-9.066247799495532e-09,0.4881356324870243,-0.04953307503558329
1203,-0.04205436440371224,-0.030731302288529015,-0.01630563540496908,0.014344413953007024,0.05386164129047529,0.34179520991063633,0.4018631023588572,-0.16137561380095855,-9.066247799495532e-09,0.4881356324870243,-0.04953307503558329
1204,-0.04205436440371224,-0.030731302288529015,-0.01630563540496908,0.014344413953007024,0.05386164129047529,0.34179520991063633,0.4018631023588572,-0.16137561380095855,-9.066247799495532e-09,0.4881356324870243,-0.04953307503558329
1205,-0.04205436440371224,-0.030731302288529015,-0.01630563540496908,0.014344413953007024,0.05386164129047529,0.34179520991063633,0.4018631023588572,-0.16137561380095855,-9.066247799495532e-09,0.4881356324870243,-0.04953307503558329
1206,-0.04205436440371224,-0.030731302288529015,-0.01630563540496908,0.014344413953007024,0.05386164129047529,0.34179520991063633,0.4018631023588572,-0.16137561380095855,-9.066247799495532e-09,0.4881356324870243,-0.04953307503558329
1207,-0.04205436440371224,-0.030731302288529015,-0.01630563540496908,0.014344413953007024,0.05386164129047529,0.34179520991063633,0.4018631023588572,-0.16137561380095855,-9.066247799495532e-09,0.4881356324870243,-0.04953307503558329
1208,-0.04205436440371224,-0.030731302288529015,-0.01630563540496908,0.014344413953007024,0.05386164129047529,0.34179520991063633,0.4018631023588572,-0.16137561380095855,-9.066247799495532e-09,0.4881356324870243,-0.04953307503558329
1209,-0.04205436440371224,-0.030731302288529015,-0.01630563540496908,0.014344413953007024,0.05386164129047529,0.34179520991063633,0.4018631023588572,-0.16137561380095855,-9.066247799495532e-09,0.4881356324870243,-0.04953307503558329
1210,-0.04205436440371224,-0.030731302288529015,-0.01630563540496908,0.014344413953007024,0.05386164129047529,0.34179520991063633,0.4018631023588572,-0.16137561380095855,-9.066247799495532e-09,0.4881356324870243,-0.04953307503558329
1211,-0.04205436440371224,-0.030731302288529015,-0.01630563540496908,0.014344413953007024,0.05386164129047529,0.34179520991063633,0.4018631023588572,-0.16137561380095855,-9.066247799495532e-09,0.4881356324870243,-0.04953307503558329
1212,-0.04205436440371224,-0.030731302288529015,-0.01630563540496908,0.014344413953007024,0.05386164129047529,0.34179520991063633,0.4018631023588572,-0.16137561380095855,-9.066247799495532e-09,0.4881356324870243,-0.04953307503558329
1213,-0.04205436440371224,-0.030731302288529015,-0.01630563540496908,0.014344413953007024,0.05386164129047529,0.34179520991063633,0.4018631023588572,-0.16137561380095855,-9.066247799495532e-09,0.4881356324870243,-0.04953307503558329
1214,-0.04205436440371224,-0.030731302288529015,-0.01630563540496908,0.014344413953007024,0.05386164129047529,0.34179520991063633,0.4018631023588572,-0.16137561380095855,-9.066247799495532e-09,0.4881356324870243,-0.04953307503558329
1215,-0.04205436440371224,-0.030731302288529015,-0.01630563540496908,0.014344413953007024,0.05386164129047529,0.34179520991063633,0.4018631023588572,-0.16137561380095855,-9.066247799495532e-09,0.4881356324870243,-0.04953307503558329
1216,0.05747267688956199,0.026904592914673797,0.06734157476537483,0.020584306682309622,-0.0242843620132504,0.04018028772612558,-0.04402352163104798,0.04368619961358465,-0.13551255776256843,0.8408922899844958,0.10675851283074048
1217,0.05747267688956199,0.026904592914673797,0.06734157476537483,0.020584306682309622,-0.0242843620132504,0.04018028772612558,-0.04402352163104798,0.04368619961358465,-0.13551255776256843,0.8408922899844958,0.10675851283074048
1218,0.05747267688956199,0.026904592914673797,0.06734157476537483,0.020584306682309622,-0.0242843620132504,0.04018028772612558,-0.04402352163104798,0.04368619961358465,-0.13551255776256843,0.8408922899844958,0.10675851283074048
1219,0.05747267688956199,0.026904592914673797,0.06734157476537483,0.020584306682309622,-0.0242843620132504,0.04018028772612558,-0.04402352163104798,0.04368619961358465,-0.13551255776256843,0.8408922899844958,0.10675851283074048
1220,0.05747267688956199,0.026904592914673797,0.06734157476537483,0.020584306682309622,-0.0242843620132504,0.04018028772612558,-0.04402352163104798,0.04368619961358465,-0.13551255776256843,0.8408922899844958,0.10675851283074048
1221,0.05747267688956199,0.026904592914673797,0.06734157476537483,0.020584306682309622,-0.0242843620132504,0.04018028772612558,-0.04402352163104798,0.04368619961358465,-0.13551255776256843,0.8408922899844958,0.10675851283074048
1222,0.05747267688956199,0.026904592914673797,0.06734157476537483,0.020584306682309622,-0.0242843620132504,0.04018028772612558,-0.04402352163104798,0.04368619961358465,-0.13551255776256843,0.8408922899844958,0.10675851283074048
1223,0.05747267688956199,0.026904592914673797,0.06734157476537483,0.020584306682309622,-0.0242843620132504,0.04018028772612558,-0.04402352163104798,0.04368619961358465,-0.13551255776256843,0.8408922899844958,0.10675851283074048
1224,0.05747267688956199,0.026904592914673797,0.06734157476537483,0.020584306682309622,-0.0242843620132504,0.04018028772612558,-0.04402352163104798,0.04368619961358465,-0.13551255776256843,0.8408922899844958,0.10675851283074048
1225,0.05747267688956199,0.026904592914673797,0.06734157476537483,0.020584306682309622,-0.0242843620132504,0.04018028772612558,-0.04402352163104798,0.04368619961358465,-0.13551255776256843,0.8408922899844958,0.10675851283074048
1226,0.05747267688956199,0.026904592914673797,0.06734157476537483,0.020584306682309622,-0.0242843620132504,0.04018028772612558,-0.04402352163104798,0.04368619961358465,-0.13551255776256843,0.8408922899844958,0.10675851283074048
1227,0.05747267688956199,0.026904592914673797,0.06734157476537483,0.020584306682309622,-0.0242843620132504,0.04018028772612558,-0.04402352163104798,0.04368619961358465,-0.13551255776256843,0.8408922899844958,0.10675851283074048
1228,0.05747267688956199,0.026904592914673797,0.06734157476537483,0.020584306682309622,-0.0242843620132504,0.04018028772612558,-0.04402352163104798,0.04368619961358465,-0.13551255776256843,0.8408922899844958,0.10675851283074048
1229,0.05747267688956199,0.026904592914673797,0.06734157476537483,0.020584306682309622,-0.0242843620132504,0.04018028772612558,-0.04402352163104798,0.04368619961358465,-0.13551255776256843,0.8408922899844958,0.10675851283074048
1230,0.05747267688956199,0.026904592914673797,0.06734157476537483,0.020584306682309622,-0.0242843620132504,0.04018028772612558,-0.04402352163104798,0.04368619961358465,-0.13551255776256843,0.8408922899844958,0.10675851283074048
1231,0.05747267688956199,0.026904592914673797,0.06734157476537483,0.020584306682309622,-0.0242843620132504,0.04018028772612558,-0.04402352163104798,0.04368619961358465,-0.13551255776256843,0.8408922899844958,0.10675851283074048
1232,0.05747267688956199,0.026904592914673797,0.06734157476537483,0.020584306682309622,-0.0242843620132504,0.04018028772612558,-0.04402352163104798,0.04368619961358465,-0.13551255776256843,0.8408922899844958,0.10675851283074048
1233,0.05747267688956199,0.026904592914673797,0.06734157476537483,0.020584306682309622,-0.0242843620132504,0.04018028772612558,-0.04402352163104798,0.04368619961358465,-0.13551255776256843,0.8408922899844958,0.10675851283074048
1234,0.05747267688956199,0.026904592914673797,0.06734157476537483,0.020584306682309622,-0.0242843620132504,0.04018028772612558,-0.04402352163104798,0.04368619961358465,-0.13551255776256843,0.8408922899844958,0.10675851283074048
1235,0.05747267688956199,0.026904592914673797,0.06734157476537483,0.020584306682309622,-0.0242843620132504,0.04018028772612558,-0.04402352163104798,0.04368619961358465,-0.13551255776256843,0.8408922899844958,0.10675851283074048
1236,0.05747267688956199,0.026904592914673797,0.06734157476537483,0.020584306682309622,-0.0242843620132504,0.04018028772612558,-0.04402352163104798,0.04368619961358465,-0.13551255776256843,0.8408922899844958,0.10675851283074048
1237,0.05747267688956199,0.026904592914673797,0.06734157476537483,0.020584306682309622,-0.0242843620132504,0.04018028772612558,-0.04402352163104798,0.04368619961358465,-0.13551255776256843,0.8408922899844958,0.10675851283074048
1238,0.05747267688956199,0.026904592914673797,0.06734157476537483,0.020584306682309622,-0.0242843620132504,0.04018028772612558,-0.04402352163104798,0.04368619961358465,-0.13551255776256843,0.8408922899844958,0.10675851283074048
1239,0.05747267688956199,0.026904592914673797,0.06734157476537483,0.020584306682309622,-0.0242843620132504,0.04018028772612558,-0.04402352163104798,0.04368619961358465,-0.13551255776256843,0.8408922899844958,0.10675851283074048
1240,0.05747267688956199,0.026904592914673797,0.06734157476537483,0.020584306682309622,-0.0242843620132504,0.04018028772612558,-0.04402352163104798,0.04368619961358465,-0.13551255776256843,0.8408922899844958,0.10675851283074048
1241,0.05747267688956199,0.026904592914673797,0.06734157476537483,0.020584306682309622,-0.0242843620132504,0.04018028772612558,-0.04402352163104798,0.04368619961358465,-0.13551255776256843,0.8408922899844958,0.10675851283074048
1242,0.05747267688956199,0.026904592914673797,0.06734157476537483,0.020584306682309622,-0.0242843620132504,0.04018028772612558,-0.04402352163104798,0.04368619961358465,-0.13551255776256843,0.8408922899844958,0.10675851283074048
1243,0.05747267688956199,0.026904592914673797,0.06734157476537483,0.020584306682309622,-0.0242843620132504,0.04018028772612558,-0.04402352163104798,0.04368619961358465,-0.13551255776256843,0.8408922899844958,0.10675851283074048
1244,0.05747267688956199,0.026904592914673797,0.06734157476537483,0.020584306682309622,-0.0242843620132504,0.04018028772612558,-0.04402352163104798,0.04368619961358465,-0.13551255776256843,0.8408922899844958,0.10675851283074048
1245,0.05747267688956199,0.026904592914673797,0.06734157476537483,0.020584306682309622,-0.0242843620132504,0.04018028772612558,-0.04402352163104798,0.04368619961358465,-0.13551255776256843,0.8408922899844958,0.10675851283074048
1246,0.05747267688956199,0.026904592914673797,0.06734157476537483,0.020584306682309622,-0.0242843620132504,0.04018028772612558,-0.04402352163104798,0.04368619961358465,-0.13551255776256843,0.8408922899844958,0.10675851283074048
1247,0.06025553901157394,0.29883286847823975,0.0712343922389185,0.019968235407781563,0.033700615528509434,0.09381707482251765,0.03906195420530236,0.03470075396499788,0.04835507824168041,0.07252876089242882,0.22754472720804975
1248,0.06025553901157394,0.29883286847823975,0.0712343922389185,0.019968235407781563,0.033700615528509434,0.09381707482251765,0.03906195420530236,0.03470075396499788,0.04835507824168041,0.07252876089242882,0.22754472720804975
1249,0.06025553901157394,0.29883286847823975,0.0712343922389185,0.019968235407781563,0.033700615528509434,0.09381707482251765,0.03906195420530236,0.03470075396499788,0.04835507824168041,0.07252876089242882,0.22754472720804975
1250,0.06025553901157394,0.29883286847823975,0.0712343922389185,0.019968235407781563,0.033700615528509434,0.09381707482251765,0.03906195420530236,0.03470075396499788,0.04835507824168041,0.07252876089242882,0.22754472720804975
1251,0.06025553901157394,0.29883286847823975,0.0712343922389185,0.019968235407781563,0.033700615528509434,0.09381707482251765,0.03906195420530236,0.03470075396499788,0.04835507824168041,0.07252876089242882,0.22754472720804975
1252,0.06025553901157394,0.29883286847823975,0.0712343922389185,0.019968235407781563,0.033700615528509434,0.09381707482251765,0.03906195420530236,0.03470075396499788,0.04835507824168041,0.07252876089242882,0.22754472720804975
1253,0.06025553901157394,0.29883286847823975,0.0712343922389185,0.019968235407781563,0.033700615528509434,0.09381707482251765,0.03906195420530236,0.03470075396499788,0.04835507824168041,0.07252876089242882,0.22754472720804975
1254,0.06025553901157394,0.29883286847823975,0.0712343922389185,0.019968235407781563,0.033700615528509434,0.09381707482251765,0.03906195420530236,0.03470075396499788,0.04835507824168041,0.07252876089242882,0.22754472720804975
1255,0.06025553901157394,0.29883286847823975,0.0712343922389185,0.019968235407781563,0.033700615528509434,0.09381707482251765,0.03906195420530236,0.03470075396499788,0.04835507824168041,0.07252876089242882,0.22754472720804975
1256,0.06025553901157394,0.29883286847823975,0.0712343922389185,0.019968235407781563,0.033700615528509434,0.09381707482251765,0.03906195420530236,0.03470075396499788,0.04835507824168041,0.07252876089242882,0.22754472720804975
1257,0.06025553901157394,0.29883286847823975,0.0712343922389185,0.019968235407781563,0.033700615528509434,0.09381707482251765,0.03906195420530236,0.03470075396499788,0.04835507824168041,0.07252876089242882,0.22754472720804975
1258,0.06025553901157394,0.29883286847823975,0.0712343922389185,0.019968235407781563,0.033700615528509434,0.09381707482251765,0.03906195420530236,0.03470075396499788,0.04835507824168041,0.07252876089242882,0.22754472720804975
1259,0.06025553901157394,0.29883286847823975,0.0712343922389185,0.019968235407781563,0.033700615528509434,0.09381707482251765,0.03906195420530236,0.03470075396499788,0.04835507824168041,0.07252876089242882,0.22754472720804975
1260,0.06025553901157394,0.29883286847823975,0.0712343922389185,0.019968235407781563,0.033700615528509434,0.09381707482251765,0.03906195420530236,0.03470075396499788,0.04835507824168041,0.07252876089242882,0.22754472720804975
1261,0.06025553901157394,0.29883286847823975,0.0712343922389185,0.019968235407781563,0.033700615528509434,0.09381707482251765,0.03906195420530236,0.03470075396499788,0.04835507824168041,0.07252876089242882,0.22754472720804975
1262,0.06025553901157394,0.29883286847823975,0.0712343922389185,0.019968235407781563,0.033700615528509434,0.09381707482251765,0.03906195420530236,0.03470075396499788,0.04835507824168041,0.07252876089242882,0.22754472720804975
1263,0.06025553901157394,0.29883286847823975,0.0712343922389185,0.019968235407781563,0.033700615528509434,0.09381707482251765,0.03906195420530236,0.03470075396499788,0.04835507824168041,0.07252876089242882,0.22754472720804975
1264,0.06025553901157394,0.29883286847823975,0.0712343922389185,0.019968235407781563,0.033700615528509434,0.09381707482251765,0.03906195420530236,0.03470075396499788,0.04835507824168041,0.07252876089242882,0.22754472720804975
1265,0.06025553901157394,0.29883286847823975,0.0712343922389185,0.019968235407781563,0.033700615528509434,0.09381707482251765,0.03906195420530236,0.03470075396499788,0.04835507824168041,0.07252876089242882,0.22754472720804975
1266,0.06025553901157394,0.29883286847823975,0.0712343922389185,0.019968235407781563,0.033700615528509434,0.09381707482251765,0.03906195420530236,0.03470075396499788,0.04835507824168041,0.07252876089242882,0.22754472720804975
1267,0.06025553901157394,0.29883286847823975,0.0712343922389185,0.019968235407781563,0.033700615528509434,0.09381707482251765,0.03906195420530236,0.03470075396499788,0.04835507824168041,0.07252876089242882,0.22754472720804975
1268,0.06025553901157394,0.29883286847823975,0.0712343922389185,0.019968235407781563,0.033700615528509434,0.09381707482251765,0.03906195420530236,0.03470075396499788,0.04835507824168041,0.07252876089242882,0.22754472720804975
1269,0.06025553901157394,0.29883286847823975,0.0712343922389185,0.019968235407781563,0.033700615528509434,0.09381707482251765,0.03906195420530236,0.03470075396499788,0.04835507824168041,0.07252876089242882,0.22754472720804975
1270,0.06025553901157394,0.29883286847823975,0.0712343922389185,0.019968235407781563,0.033700615528509434,0.09381707482251765,0.03906195420530236,0.03470075396499788,0.04835507824168041,0.07252876089242882,0.22754472720804975
1271,0.06025553901157394,0.29883286847823975,0.0712343922389185,0.019968235407781563,0.033700615528509434,0.09381707482251765,0.03906195420530236,0.03470075396499788,0.04835507824168041,0.07252876089242882,0.22754472720804975
1272,0.06025553901157394,0.29883286847823975,0.0712343922389185,0.019968235407781563,0.033700615528509434,0.09381707482251765,0.03906195420530236,0.03470075396499788,0.04835507824168041,0.07252876089242882,0.22754472720804975
1273,0.06025553901157394,0.29883286847823975,0.0712343922389185,0.019968235407781563,0.033700615528509434,0.09381707482251765,0.03906195420530236,0.03470075396499788,0.04835507824168041,0.07252876089242882,0.22754472720804975
1274,0.06025553901157394,0.29883286847823975,0.0712343922389185,0.019968235407781563,0.033700615528509434,0.09381707482251765,0.03906195420530236,0.03470075396499788,0.04835507824168041,0.07252876089242882,0.22754472720804975
1275,0.06025553901157394,0.29883286847823975,0.0712343922389185,0.019968235407781563,0.033700615528509434,0.09381707482251765,0.03906195420530236,0.03470075396499788,0.04835507824168041,0.07252876089242882,0.22754472720804975
1276,0.06025553901157394,0.29883286847823975,0.0712343922389185,0.019968235407781563,0.033700615528509434,0.09381707482251765,0.03906195420530236,0.03470075396499788,0.04835507824168041,0.07252876089242882,0.22754472720804975
1277,0.033371810567822534,0.08816654302653933,0.12623467315742842,0.021981422222813764,0.38808995796906426,0.042620621455680324,0.07155877959428125,0.02930395254961713,0.015827129667581295,0.05901224505153583,0.12383286473763588
1278,0.033371810567822534,0.08816654302653933,0.12623467315742842,0.021981422222813764,0.38808995796906426,0.042620621455680324,0.07155877959428125,0.02930395254961713,0.015827129667581295,0.05901224505153583,0.12383286473763588
1279,0.033371810567822534,0.08816654302653933,0.12623467315742842,0.021981422222813764,0.38808995796906426,0.042620621455680324,0.07155877959428125,0.02930395254961713,0.015827129667581295,0.05901224505153583,0.12383286473763588
1280,0.033371810567822534,0.08816654302653933,0.12623467315742842,0.021981422222813764,0.38808995796906426,0.042620621455680324,0.07155877959428125,0.02930395254961713,0.015827129667581295,0.05901224505153583,0.12383286473763588
1281,0.033371810567822534,0.08816654302653933,0.12623467315742842,0.021981422222813764,0.38808995796906426,0.042620621455680324,0.07155877959428125,0.02930395254961713,0.015827129667581295,0.05901224505153583,0.12383286473763588
1282,0.033371810567822534,0.08816654302653933,0.12623467315742842,0.021981422222813764,0.38808995796906426,0.042620621455680324,0.07155877959428125,0.02930395254961713,0.015827129667581295,0.05901224505153583,0.12383286473763588
1283,0.033371810567822534,0.08816654302653933,0.12623467315742842,0.021981422222813764,0.38808995796906426,0.042620621455680324,0.07155877959428125,0.02930395254961713,0.015827129667581295,0.05901224505153583,0.12383286473763588
1284,0.033371810567822534,0.08816654302653933,0.12623467315742842,0.021981422222813764,0.38808995796906426,0.042620621455680324,0.07155877959428125,0.02930395254961713,0.015827129667581295,0.05901224505153583,0.12383286473763588
1285,0.033371810567822534,0.08816654302653933,0.12623467315742842,0.021981422222813764,0.38808995796906426,0.042620621455680324,0.07155877959428125,0.02930395254961713,0.015827129667581295,0.05901224505153583,0.12383286473763588
1286,0.033371810567822534,0.08816654302653933,0.12623467315742842,0.021981422222813764,0.38808995796906426,0.042620621455680324,0.07155877959428125,0.02930395254961713,0.015827129667581295,0.05901224505153583,0.12383286473763588
1287,0.033371810567822534,0.08816654302653933,0.12623467315742842,0.021981422222813764,0.38808995796906426,0.042620621455680324,0.07155877959428125,0.02930395254961713,0.015827129667581295,0.05901224505153583,0.12383286473763588
1288,0.033371810567822534,0.08816654302653933,0.12623467315742842,0.021981422222813764,0.38808995796906426,0.042620621455680324,0.07155877959428125,0.02930395254961713,0.015827129667581295,0.05901224505153583,0.12383286473763588
1289,0.033371810567822534,0.08816654302653933,0.12623467315742842,0.021981422222813764,0.38808995796906426,0.042620621455680324,0.07155877959428125,0.02930395254961713,0.015827129667581295,0.05901224505153583,0.12383286473763588
1290,0.033371810567822534,0.08816654302653933,0.12623467315742842,0.021981422222813764,0.38808995796906426,0.042620621455680324,0.07155877959428125,0.02930395254961713,0.015827129667581295,0.05901224505153583,0.12383286473763588
1291,0.033371810567822534,0.08816654302653933,0.12623467315742842,0.021981422222813764,0.38808995796906426,0.042620621455680324,0.07155877959428125,0.02930395254961713,0.015827129667581295,0.05901224505153583,0.12383286473763588
1292,0.033371810567822534,0.08816654302653933,0.12623467315742842,0.021981422222813764,0.38808995796906426,0.042620621455680324,0.07155877959428125,0.02930395254961713,0.015827129667581295,0.05901224505153583,0.12383286473763588
1293,0.033371810567822534,0.08816654302653933,0.12623467315742842,0.021981422222813764,0.38808995796906426,0.042620621455680324,0.07155877959428125,0.02930395254961713,0.015827129667581295,0.05901224505153583,0.12383286473763588
1294,0.033371810567822534,0.08816654302653933,0.12623467315742842,0.021981422222813764,0.38808995796906426,0.042620621455680324,0.07155877959428125,0.02930395254961713,0.015827129667581295,0.05901224505153583,0.12383286473763588
1295,0.033371810567822534,0.08816654302653933,0.12623467315742842,0.021981422222813764,0.38808995796906426,0.042620621455680324,0.07155877959428125,0.02930395254961713,0.015827129667581295,0.05901224505153583,0.12383286473763588
1296,0.033371810567822534,0.08816654302653933,0.12623467315742842,0.021981422222813764,0.38808995796906426,0.042620621455680324,0.07155877959428125,0.02930395254961713,0.015827129667581295,0.05901224505153583,0.12383286473763588
1297,0.033371810567822534,0.08816654302653933,0.12623467315742842,0.021981422222813764,0.38808995796906426,0.042620621455680324,0.07155877959428125,0.02930395254961713,0.015827129667581295,0.05901224505153583,0.12383286473763588
1298,0.033371810567822534,0.08816654302653933,0.12623467315742842,0.021981422222813764,0.38808995796906426,0.042620621455680324,0.07155877959428125,0.02930395254961713,0.015827129667581295,0.05901224505153583,0.12383286473763588
1299,0.033371810567822534,0.08816654302653933,0.12623467315742842,0.021981422222813764,0.38808995796906426,0.042620621455680324,0.07155877959428125,0.02930395254961713,0.015827129667581295,0.05901224505153583,0.12383286473763588
1300,0.033371810567822534,0.08816654302653933,0.12623467315742842,0.021981422222813764,0.38808995796906426,0.042620621455680324,0.07155877959428125,0.02930395254961713,0.015827129667581295,0.05901224505153583,0.12383286473763588
1301,0.033371810567822534,0.08816654302653933,0.12623467315742842,0.021981422222813764,0.38808995796906426,0.042620621455680324,0.07155877959428125,0.02930395254961713,0.015827129667581295,0.05901224505153583,0.12383286473763588
1302,0.033371810567822534,0.08816654302653933,0.12623467315742842,0.021981422222813764,0.38808995796906426,0.042620621455680324,0.07155877959428125,0.02930395254961713,0.015827129667581295,0.05901224505153583,0.12383286473763588
1303,0.033371810567822534,0.08816654302653933,0.12623467315742842,0.021981422222813764,0.38808995796906426,0.042620621455680324,0.07155877959428125,0.02930395254961713,0.015827129667581295,0.05901224505153583,0.12383286473763588
1304,0.033371810567822534,0.08816654302653933,0.12623467315742842,0.021981422222813764,0.38808995796906426,0.042620621455680324,0.07155877959428125,0.02930395254961713,0.015827129667581295,0.05901224505153583,0.12383286473763588
1305,0.033371810567822534,0.08816654302653933,0.12623467315742842,0.021981422222813764,0.38808995796906426,0.042620621455680324,0.07155877959428125,0.02930395254961713,0.015827129667581295,0.05901224505153583,0.12383286473763588
1306,0.033371810567822534,0.08816654302653933,0.12623467315742842,0.021981422222813764,0.38808995796906426,0.042620621455680324,0.07155877959428125,0.02930395254961713,0.015827129667581295,0.05901224505153583,0.12383286473763588
1307,0.033371810567822534,0.08816654302653933,0.12623467315742842,0.021981422222813764,0.38808995796906426,0.042620621455680324,0.07155877959428125,0.02930395254961713,0.015827129667581295,0.05901224505153583,0.12383286473763588
1308,0.03405678603096883,-0.21643691943619164,-0.06851757055463857,0.012120163740303058,0.012909060956477736,0.07315222018983607,0.03497617426218055,-0.015045510009169684,0.02323926236269081,1.0970530271091343,0.01249330534840853
1309,0.03405678603096883,-0.21643691943619164,-0.06851757055463857,0.012120163740303058,0.012909060956477736,0.07315222018983607,0.03497617426218055,-0.015045510009169684,0.02323926236269081,1.0970530271091343,0.01249330534840853
1310,0.03405678603096883,-0.21643691943619164,-0.06851757055463857,0.012120163740303058,0.012909060956477736,0.07315222018983607,0.03497617426218055,-0.015045510009169684,0.02323926236269081,1.0970530271091343,0.01249330534840853
1311,0.03405678603096883,-0.21643691943619164,-0.06851757055463857,0.012120163740303058,0.012909060956477736,0.07315222018983607,0.03497617426218055,-0.015045510009169684,0.02323926236269081,1.0970530271091343,0.01249330534840853
1312,0.03405678603096883,-0.21643691943619164,-0.06851757055463857,0.012120163740303058,0.012909060956477736,0.07315222018983607,0.03497617426218055,-0.015045510009169684,0.02323926236269081,1.0970530271091343,0.01249330534840853
1313,0.03405678603096883,-0.21643691943619164,-0.06851757055463857,0.012120163740303058,0.012909060956477736,0.07315222018983607,0.03497617426218055,-0.015045510009169684,0.02323926236269081,1.0970530271091343,0.01249330534840853
1314,0.03405678603096883,-0.21643691943619164,-0.06851757055463857,0.012120163740303058,0.012909060956477736,0.07315222018983607,0.03497617426218055,-0.015045510009169684,0.02323926236269081,1.0970530271091343,0.01249330534840853
1315,0.03405678603096883,-0.21643691943619164,-0.06851757055463857,0.012120163740303058,0.012909060956477736,0.07315222018983607,0.03497617426218055,-0.015045510009169684,0.02323926236269081,1.0970530271091343,0.01249330534840853
1316,0.03405678603096883,-0.21643691943619164,-0.06851757055463857,0.012120163740303058,0.012909060956477736,0.07315222018983607,0.03497617426218055,-0.015045510009169684,0.02323926236269081,1.0970530271091343,0.01249330534840853
1317,0.03405678603096883,-0.21643691943619164,-0.06851757055463857,0.012120163740303058,0.012909060956477736,0.07315222018983607,0.03497617426218055,-0.015045510009169684,0.02323926236269081,1.0970530271091343,0.01249330534840853
1318,0.03405678603096883,-0.21643691943619164,-0.06851757055463857,0.012120163740303058,0.012909060956477736,0.07315222018983607,0.03497617426218055,-0.015045510009169684,0.02323926236269081,1.0970530271091343,0.01249330534840853
1319,0.03405678603096883,-0.21643691943619164,-0.06851757055463857,0.012120163740303058,0.012909060956477736,0.07315222018983607,0.03497617426218055,-0.015045510009169684,0.02323926236269081,1.0970530271091343,0.01249330534840853
1320,0.03405678603096883,-0.21643691943619164,-0.06851757055463857,0.012120163740303058,0.012909060956477736,0.07315222018983607,0.03497617426218055,-0.015045510009169684,0.02323926236269081,1.0970530271091343,0.01249330534840853
1321,0.03405678603096883,-0.21643691943619164,-0.06851757055463857,0.012120163740303058,0.012909060956477736,0.07315222018983607,0.03497617426218055,-0.015045510009169684,0.02323926236269081,1.0970530271091343,0.01249330534840853
1322,0.03405678603096883,-0.21643691943619164,-0.06851757055463857,0.012120163740303058,0.012909060956477736,0.07315222018983607,0.03497617426218055,-0.015045510009169684,0.02323926236269081,1.0970530271091343,0.01249330534840853
1323,0.03405678603096883,-0.21643691943619164,-0.06851757055463857,0.012120163740303058,0.012909060956477736,0.07315222018983607,0.03497617426218055,-0.015045510009169684,0.02323926236269081,1.0970530271091343,0.01249330534840853
1324,0.03405678603096883,-0.21643691943619164,-0.06851757055463857,0.012120163740303058,0.012909060956477736,0.07315222018983607,0.03497617426218055,-0.015045510009169684,0.02323926236269081,1.0970530271091343,0.01249330534840853
1325,0.03405678603096883,-0.21643691943619164,-0.06851757055463857,0.012120163740303058,0.012909060956477736,0.07315222018983607,0.03497617426218055,-0.015045510009169684,0.02323926236269081,1.0970530271091343,0.01249330534840853
1326,0.03405678603096883,-0.21643691943619164,-0.06851757055463857,0.012120163740303058,0.012909060956477736,0.07315222018983607,0.03497617426218055,-0.015045510009169684,0.02323926236269081,1.0970530271091343,0.01249330534840853
1327,0.03405678603096883,-0.21643691943619164,-0.06851757055463857,0.012120163740303058,0.012909060956477736,0.07315222018983607,0.03497617426218055,-0.015045510009169684,0.02323926236269081,1.0970530271091343,0.01249330534840853
1328,0.03405678603096883,-0.21643691943619164,-0.06851757055463857,0.012120163740303058,0.012909060956477736,0.07315222018983607,0.03497617426218055,-0.015045510009169684,0.02323926236269081,1.0970530271091343,0.01249330534840853
1329,0.03405678603096883,-0.21643691943619164,-0.06851757055463857,0.012120163740303058,0.012909060956477736,0.07315222018983607,0.03497617426218055,-0.015045510009169684,0.02323926236269081,1.0970530271091343,0.01249330534840853
1330,0.03405678603096883,-0.21643691943619164,-0.06851757055463857,0.012120163740303058,0.012909060956477736,0.07315222018983607,0.03497617426218055,-0.015045510009169684,0.02323926236269081,1.0970530271091343,0.01249330534840853
1331,0.03405678603096883,-0.21643691943619164,-0.06851757055463857,0.012120163740303058,0.012909060956477736,0.07315222018983607,0.03497617426218055,-0.015045510009169684,0.02323926236269081,1.0970530271091343,0.01249330534840853
1332,0.03405678603096883,-0.21643691943619164,-0.06851757055463857,0.012120163740303058,0.012909060956477736,0.07315222018983607,0.03497617426218055,-0.015045510009169684,0.02323926236269081,1.0970530271091343,0.01249330534840853
1333,0.03405678603096883,-0.21643691943619164,-0.06851757055463857,0.012120163740303058,0.012909060956477736,0.07315222018983607,0.03497617426218055,-0.015045510009169684,0.02323926236269081,1.0970530271091343,0.01249330534840853
1334,0.03405678603096883,-0.21643691943619164,-0.06851757055463857,0.012120163740303058,0.012909060956477736,0.07315222018983607,0.03497617426218055,-0.015045510009169684,0.02323926236269081,1.0970530271091343,0.01249330534840853
1335,0.03405678603096883,-0.21643691943619164,-0.06851757055463857,0.012120163740303058,0.012909060956477736,0.07315222018983607,0.03497617426218055,-0.015045510009169684,0.02323926236269081,1.0970530271091343,0.01249330534840853
1336,0.03405678603096883,-0.21643691943619164,-0.06851757055463857,0.012120163740303058,0.012909060956477736,0.07315222018983607,0.03497617426218055,-0.015045510009169684,0.02323926236269081,1.0970530271091343,0.01249330534840853
1337,0.03405678603096883,-0.21643691943619164,-0.06851757055463857,0.012120163740303058,0.012909060956477736,0.07315222018983607,0.03497617426218055,-0.015045510009169684,0.02323926236269081,1.0970530271091343,0.01249330534840853
1338,0.03405678603096883,-0.21643691943619164,-0.06851757055463857,0.012120163740303058,0.012909060956477736,0.07315222018983607,0.03497617426218055,-0.015045510009169684,0.02323926236269081,1.0970530271091343,0.01249330534840853
1339,0.2786868041803103,0.06661561973394771,0.09021074107728788,0.025942920924231318,0.04189870651738176,0.14824867937717823,0.05929642248758543,0.07099683997001788,0.07215022305184979,0.06675357621295594,0.07919946646725362
1340,0.2786868041803103,0.06661561973394771,0.09021074107728788,0.025942920924231318,0.04189870651738176,0.14824867937717823,0.05929642248758543,0.07099683997001788,0.07215022305184979,0.06675357621295594,0.07919946646725362
1341,0.2786868041803103,0.06661561973394771,0.09021074107728788,0.025942920924231318,0.04189870651738176,0.14824867937717823,0.05929642248758543,0.07099683997001788,0.07215022305184979,0.06675357621295594,0.07919946646725362
1342,0.2786868041803103,0.06661561973394771,0.09021074107728788,0.025942920924231318,0.04189870651738176,0.14824867937717823,0.05929642248758543,0.07099683997001788,0.07215022305184979,0.06675357621295594,0.07919946646725362
1343,0.2786868041803103,0.06661561973394771,0.09021074107728788,0.025942920924231318,0.04189870651738176,0.14824867937717823,0.05929642248758543,0.07099683997001788,0.07215022305184979,0.06675357621295594,0.07919946646725362
1344,0.2786868041803103,0.06661561973394771,0.09021074107728788,0.025942920924231318,0.04189870651738176,0.14824867937717823,0.05929642248758543,0.07099683997001788,0.07215022305184979,0.06675357621295594,0.07919946646725362
1345,0.2786868041803103,0.06661561973394771,0.09021074107728788,0.025942920924231318,0.04189870651738176,0.14824867937717823,0.05929642248758543,0.07099683997001788,0.07215022305184979,0.06675357621295594,0.07919946646725362
1346,0.2786868041803103,0.06661561973394771,0.09021074107728788,0.025942920924231318,0.04189870651738176,0.14824867937717823,0.05929642248758543,0.07099683997001788,0.07215022305184979,0.06675357621295594,0.07919946646725362
1347,0.2786868041803103,0.06661561973394771,0.09021074107728788,0.025942920924231318,0.04189870651738176,0.14824867937717823,0.05929642248758543,0.07099683997001788,0.07215022305184979,0.06675357621295594,0.07919946646725362
1348,0.2786868041803103,0.06661561973394771,0.09021074107728788,0.025942920924231318,0.04189870651738176,0.14824867937717823,0.05929642248758543,0.07099683997001788,0.07215022305184979,0.06675357621295594,0.07919946646725362
1349,0.2786868041803103,0.06661561973394771,0.09021074107728788,0.025942920924231318,0.04189870651738176,0.14824867937717823,0.05929642248758543,0.07099683997001788,0.07215022305184979,0.06675357621295594,0.07919946646725362
1350,0.2786868041803103,0.06661561973394771,0.09021074107728788,0.025942920924231318,0.04189870651738176,0.14824867937717823,0.05929642248758543,0.07099683997001788,0.07215022305184979,0.06675357621295594,0.07919946646725362
1351,0.2786868041803103,0.06661561973394771,0.09021074107728788,0.025942920924231318,0.04189870651738176,0.14824867937717823,0.05929642248758543,0.07099683997001788,0.07215022305184979,0.06675357621295594,0.07919946646725362
1352,0.2786868041803103,0.06661561973394771,0.09021074107728788,0.025942920924231318,0.04189870651738176,0.14824867937717823,0.05929642248758543,0.07099683997001788,0.07215022305184979,0.06675357621295594,0.07919946646725362
1353,0.2786868041803103,0.06661561973394771,0.09021074107728788,0.025942920924231318,0.04189870651738176,0.14824867937717823,0.05929642248758543,0.07099683997001788,0.07215022305184979,0.06675357621295594,0.07919946646725362
1354,0.2786868041803103,0.06661561973394771,0.09021074107728788,0.025942920924231318,0.04189870651738176,0.14824867937717823,0.05929642248758543,0.07099683997001788,0.07215022305184979,0.06675357621295594,0.07919946646725362
1355,0.2786868041803103,0.06661561973394771,0.09021074107728788,0.025942920924231318,0.04189870651738176,0.14824867937717823,0.05929642248758543,0.07099683997001788,0.07215022305184979,0.06675357621295594,0.07919946646725362
1356,0.2786868041803103,0.06661561973394771,0.09021074107728788,0.025942920924231318,0.04189870651738176,0.14824867937717823,0.05929642248758543,0.07099683997001788,0.07215022305184979,0.06675357621295594,0.07919946646725362
1357,0.2786868041803103,0.06661561973394771,0.09021074107728788,0.025942920924231318,0.04189870651738176,0.14824867937717823,0.05929642248758543,0.07099683997001788,0.07215022305184979,0.06675357621295594,0.07919946646725362
1358,0.2786868041803103,0.06661561973394771,0.09021074107728788,0.025942920924231318,0.04189870651738176,0.14824867937717823,0.05929642248758543,0.07099683997001788,0.07215022305184979,0.06675357621295594,0.07919946646725362
1359,0.2786868041803103,0.06661561973394771,0.09021074107728788,0.025942920924231318,0.04189870651738176,0.14824867937717823,0.05929642248758543,0.07099683997001788,0.07215022305184979,0.06675357621295594,0.07919946646725362
1360,0.2786868041803103,0.06661561973394771,0.09021074107728788,0.025942920924231318,0.04189870651738176,0.14824867937717823,0.05929642248758543,0.07099683997001788,0.07215022305184979,0.06675357621295594,0.07919946646725362
1361,0.2786868041803103,0.06661561973394771,0.09021074107728788,0.025942920924231318,0.04189870651738176,0.14824867937717823,0.05929642248758543,0.07099683997001788,0.07215022305184979,0.06675357621295594,0.07919946646725362
1362,0.2786868041803103,0.06661561973394771,0.09021074107728788,0.025942920924231318,0.04189870651738176,0.14824867937717823,0.05929642248758543,0.07099683997001788,0.07215022305184979,0.06675357621295594,0.07919946646725362
1363,0.2786868041803103,0.06661561973394771,0.09021074107728788,0.025942920924231318,0.04189870651738176,0.14824867937717823,0.05929642248758543,0.07099683997001788,0.07215022305184979,0.06675357621295594,0.07919946646725362
1364,0.2786868041803103,0.06661561973394771,0.09021074107728788,0.025942920924231318,0.04189870651738176,0.14824867937717823,0.05929642248758543,0.07099683997001788,0.07215022305184979,0.06675357621295594,0.07919946646725362
1365,0.2786868041803103,0.06661561973394771,0.09021074107728788,0.025942920924231318,0.04189870651738176,0.14824867937717823,0.05929642248758543,0.07099683997001788,0.07215022305184979,0.06675357621295594,0.07919946646725362
1366,0.2786868041803103,0.06661561973394771,0.09021074107728788,0.025942920924231318,0.04189870651738176,0.14824867937717823,0.05929642248758543,0.07099683997001788,0.07215022305184979,0.06675357621295594,0.07919946646725362
1367,0.2786868041803103,0.06661561973394771,0.09021074107728788,0.025942920924231318,0.04189870651738176,0.14824867937717823,0.05929642248758543,0.07099683997001788,0.07215022305184979,0.06675357621295594,0.07919946646725362
1368,0.2786868041803103,0.06661561973394771,0.09021074107728788,0.025942920924231318,0.04189870651738176,0.14824867937717823,0.05929642248758543,0.07099683997001788,0.07215022305184979,0.06675357621295594,0.07919946646725362
1369,0.09412042578816497,0.07319731851733288,0.1478432277423531,-0.011650804267635897,-0.1384027254289541,0.05669134891298602,0.44339096688300417,0.02985630386280251,0.08651737485589349,0.05175588129418447,0.1666806818398683
1370,0.09412042578816497,0.07319731851733288,0.1478432277423531,-0.011650804267635897,-0.1384027254289541,0.05669134891298602,0.44339096688300417,0.02985630386280251,0.08651737485589349,0.05175588129418447,0.1666806818398683
1371,0.09412042578816497,0.07319731851733288,0.1478432277423531,-0.011650804267635897,-0.1384027254289541,0.05669134891298602,0.44339096688300417,0.02985630386280251,0.08651737485589349,0.05175588129418447,0.1666806818398683
1372,0.09412042578816497,0.07319731851733288,0.1478432277423531,-0.011650804267635897,-0.1384027254289541,0.05669134891298602,0.44339096688300417,0.02985630386280251,0.08651737485589349,0.05175588129418447,0.1666806818398683
1373,0.09412042578816497,0.07319731851733288,0.1478432277423531,-0.011650804267635897,-0.1384027254289541,0.05669134891298602,0.44339096688300417,0.02985630386280251,0.08651737485589349,0.05175588129418447,0.1666806818398683
1374,0.09412042578816497,0.07319731851733288,0.1478432277423531,-0.011650804267635897,-0.1384027254289541,0.05669134891298602,0.44339096688300417,0.02985630386280251,0.08651737485589349,0.05175588129418447,0.1666806818398683
1375,0.09412042578816497,0.07319731851733288,0.1478432277423531,-0.011650804267635897,-0.1384027254289541,0.05669134891298602,0.44339096688300417,0.02985630386280251,0.08651737485589349,0.05175588129418447,0.1666806818398683
1376,0.09412042578816497,0.07319731851733288,0.1478432277423531,-0.011650804267635897,-0.1384027254289541,0.05669134891298602,0.44339096688300417,0.02985630386280251,0.08651737485589349,0.05175588129418447,0.1666806818398683
1377,0.09412042578816497,0.07319731851733288,0.1478432277423531,-0.011650804267635897,-0.1384027254289541,0.05669134891298602,0.44339096688300417,0.02985630386280251,0.08651737485589349,0.05175588129418447,0.1666806818398683
1378,0.09412042578816497,0.07319731851733288,0.1478432277423531,-0.011650804267635897,-0.1384027254289541,0.05669134891298602,0.44339096688300417,0.02985630386280251,0.08651737485589349,0.05175588129418447,0.1666806818398683
1379,0.09412042578816497,0.07319731851733288,0.1478432277423531,-0.011650804267635897,-0.1384027254289541,0.05669134891298602,0.44339096688300417,0.02985630386280251,0.08651737485589349,0.05175588129418447,0.1666806818398683
1380,0.09412042578816497,0.07319731851733288,0.1478432277423531,-0.011650804267635897,-0.1384027254289541,0.05669134891298602,0.44339096688300417,0.02985630386280251,0.08651737485589349,0.05175588129418447,0.1666806818398683
1381,0.09412042578816497,0.07319731851733288,0.1478432277423531,-0.011650804267635897,-0.1384027254289541,0.05669134891298602,0.44339096688300417,0.02985630386280251,0.08651737485589349,0.05175588129418447,0.1666806818398683
1382,0.09412042578816497,0.07319731851733288,0.1478432277423531,-0.011650804267635897,-0.1384027254289541,0.05669134891298602,0.44339096688300417,0.02985630386280251,0.08651737485589349,0.05175588129418447,0.1666806818398683
1383,0.09412042578816497,0.07319731851733288,0.1478432277423531,-0.011650804267635897,-0.1384027254289541,0.05669134891298602,0.44339096688300417,0.02985630386280251,0.08651737485589349,0.05175588129418447,0.1666806818398683
1384,0.09412042578816497,0.07319731851733288,0.1478432277423531,-0.011650804267635897,-0.1384027254289541,0.05669134891298602,0.44339096688300417,0.02985630386280251,0.08651737485589349,0.05175588129418447,0.1666806818398683
1385,0.09412042578816497,0.07319731851733288,0.1478432277423531,-0.011650804267635897,-0.1384027254289541,0.05669134891298602,0.44339096688300417,0.02985630386280251,0.08651737485589349,0.05175588129418447,0.1666806818398683
1386,0.09412042578816497,0.07319731851733288,0.1478432277423531,-0.011650804267635897,-0.1384027254289541,0.05669134891298602,0.44339096688300417,0.02985630386280251,0.08651737485589349,0.05175588129418447,0.1666806818398683
1387,0.09412042578816497,0.07319731851733288,0.1478432277423531,-0.011650804267635897,-0.1384027254289541,0.05669134891298602,0.44339096688300417,0.02985630386280251,0.08651737485589349,0.05175588129418447,0.1666806818398683
1388,0.09412042578816497,0.07319731851733288,0.1478432277423531,-0.011650804267635897,-0.1384027254289541,0.05669134891298602,0.44339096688300417,0.02985630386280251,0.08651737485589349,0.05175588129418447,0.1666806818398683
1389,0.09412042578816497,0.07319731851733288,0.1478432277423531,-0.011650804267635897,-0.1384027254289541,0.05669134891298602,0.44339096688300417,0.02985630386280251,0.08651737485589349,0.05175588129418447,0.1666806818398683
1390,0.09412042578816497,0.07319731851733288,0.1478432277423531,-0.011650804267635897,-0.1384027254289541,0.05669134891298602,0.44339096688300417,0.02985630386280251,0.08651737485589349,0.05175588129418447,0.1666806818398683
1391,0.09412042578816497,0.07319731851733288,0.1478432277423531,-0.011650804267635897,-0.1384027254289541,0.05669134891298602,0.44339096688300417,0.02985630386280251,0.08651737485589349,0.05175588129418447,0.1666806818398683
1392,0.09412042578816497,0.07319731851733288,0.1478432277423531,-0.011650804267635897,-0.1384027254289541,0.05669134891298602,0.44339096688300417,0.02985630386280251,0.08651737485589349,0.05175588129418447,0.1666806818398683
1393,0.09412042578816497,0.07319731851733288,0.1478432277423531,-0.011650804267635897,-0.1384027254289541,0.05669134891298602,0.44339096688300417,0.02985630386280251,0.08651737485589349,0.05175588129418447,0.1666806818398683
1394,0.09412042578816497,0.07319731851733288,0.1478432277423531,-0.011650804267635897,-0.1384027254289541,0.05669134891298602,0.44339096688300417,0.02985630386280251,0.08651737485589349,0.05175588129418447,0.1666806818398683
1395,0.09412042578816497,0.07319731851733288,0.1478432277423531,-0.011650804267635897,-0.1384027254289541,0.05669134891298602,0.44339096688300417,0.02985630386280251,0.08651737485589349,0.05175588129418447,0.1666806818398683
1396,0.09412042578816497,0.07319731851733288,0.1478432277423531,-0.011650804267635897,-0.1384027254289541,0.05669134891298602,0.44339096688300417,0.02985630386280251,0.08651737485589349,0.05175588129418447,0.1666806818398683
1397,0.09412042578816497,0.07319731851733288,0.1478432277423531,-0.011650804267635897,-0.1384027254289541,0.05669134891298602,0.44339096688300417,0.02985630386280251,0.08651737485589349,0.05175588129418447,0.1666806818398683
1398,0.09412042578816497,0.07319731851733288,0.1478432277423531,-0.011650804267635897,-0.1384027254289541,0.05669134891298602,0.44339096688300417,0.02985630386280251,0.08651737485589349,0.05175588129418447,0.1666806818398683
1399,0.09412042578816497,0.07319731851733288,0.1478432277423531,-0.011650804267635897,-0.1384027254289541,0.05669134891298602,0.44339096688300417,0.02985630386280251,0.08651737485589349,0.05175588129418447,0.1666806818398683
1400,0.03208241685753067,1.068464295283223,0.02401949861065911,0.0016627581941299607,0.0033859799158143197,-0.00873703448985555,0.0024421596819538915,-0.22721631177585347,0.00213371479186813,0.00589960898487566,0.0958629139456543
1401,0.03208241685753067,1.068464295283223,0.02401949861065911,0.0016627581941299607,0.0033859799158143197,-0.00873703448985555,0.0024421596819538915,-0.22721631177585347,0.00213371479186813,0.00589960898487566,0.0958629139456543
1402,0.03208241685753067,1.068464295283223,0.02401949861065911,0.0016627581941299607,0.0033859799158143197,-0.00873703448985555,0.0024421596819538915,-0.22721631177585347,0.00213371479186813,0.00589960898487566,0.0958629139456543
1403,0.03208241685753067,1.068464295283223,0.02401949861065911,0.0016627581941299607,0.0033859799158143197,-0.00873703448985555,0.0024421596819538915,-0.22721631177585347,0.00213371479186813,0.00589960898487566,0.0958629139456543
1404,0.03208241685753067,1.068464295283223,0.02401949861065911,0.0016627581941299607,0.0033859799158143197,-0.00873703448985555,0.0024421596819538915,-0.22721631177585347,0.00213371479186813,0.00589960898487566,0.0958629139456543
1405,0.03208241685753067,1.068464295283223,0.02401949861065911,0.0016627581941299607,0.0033859799158143197,-0.00873703448985555,0.0024421596819538915,-0.22721631177585347,0.00213371479186813,0.00589960898487566,0.0958629139456543
1406,0.03208241685753067,1.068464295283223,0.02401949861065911,0.0016627581941299607,0.0033859799158143197,-0.00873703448985555,0.0024421596819538915,-0.22721631177585347,0.00213371479186813,0.00589960898487566,0.0958629139456543
1407,0.03208241685753067,1.068464295283223,0.02401949861065911,0.0016627581941299607,0.0033859799158143197,-0.00873703448985555,0.0024421596819538915,-0.22721631177585347,0.00213371479186813,0.00589960898487566,0.0958629139456543
1408,0.03208241685753067,1.068464295283223,0.02401949861065911,0.0016627581941299607,0.0033859799158143197,-0.00873703448985555,0.0024421596819538915,-0.22721631177585347,0.00213371479186813,0.00589960898487566,0.0958629139456543
1409,0.03208241685753067,1.068464295283223,0.02401949861065911,0.0016627581941299607,0.0033859799158143197,-0.00873703448985555,0.0024421596819538915,-0.22721631177585347,0.00213371479186813,0.00589960898487566,0.0958629139456543
1410,0.03208241685753067,1.068464295283223,0.02401949861065911,0.0016627581941299607,0.0033859799158143197,-0.00873703448985555,0.0024421596819538915,-0.22721631177585347,0.00213371479186813,0.00589960898487566,0.0958629139456543
1411,0.03208241685753067,1.068464295283223,0.02401949861065911,0.0016627581941299607,0.0033859799158143197,-0.00873703448985555,0.0024421596819538915,-0.22721631177585347,0.00213371479186813,0.00589960898487566,0.0958629139456543
1412,0.03208241685753067,1.068464295283223,0.02401949861065911,0.0016627581941299607,0.0033859799158143197,-0.00873703448985555,0.0024421596819538915,-0.22721631177585347,0.00213371479186813,0.00589960898487566,0.0958629139456543
1413,0.03208241685753067,1.068464295283223,0.02401949861065911,0.0016627581941299607,0.0033859799158143197,-0.00873703448985555,0.0024421596819538915,-0.22721631177585347,0.00213371479186813,0.00589960898487566,0.0958629139456543
1414,0.03208241685753067,1.068464295283223,0.02401949861065911,0.0016627581941299607,0.0033859799158143197,-0.00873703448985555,0.0024421596819538915,-0.22721631177585347,0.00213371479186813,0.00589960898487566,0.0958629139456543
1415,0.03208241685753067,1.068464295283223,0.02401949861065911,0.0016627581941299607,0.0033859799158143197,-0.00873703448985555,0.0024421596819538915,-0.22721631177585347,0.00213371479186813,0.00589960898487566,0.0958629139456543
1416,0.03208241685753067,1.068464295283223,0.02401949861065911,0.0016627581941299607,0.0033859799158143197,-0.00873703448985555,0.0024421596819538915,-0.22721631177585347,0.00213371479186813,0.00589960898487566,0.0958629139456543
1417,0.03208241685753067,1.068464295283223,0.02401949861065911,0.0016627581941299607,0.0033859799158143197,-0.00873703448985555,0.0024421596819538915,-0.22721631177585347,0.00213371479186813,0.00589960898487566,0.0958629139456543
1418,0.03208241685753067,1.068464295283223,0.02401949861065911,0.0016627581941299607,0.0033859799158143197,-0.00873703448985555,0.0024421596819538915,-0.22721631177585347,0.00213371479186813,0.00589960898487566,0.0958629139456543
1419,0.03208241685753067,1.068464295283223,0.02401949861065911,0.0016627581941299607,0.0033859799158143197,-0.00873703448985555,0.0024421596819538915,-0.22721631177585347,0.00213371479186813,0.00589960898487566,0.0958629139456543
1420,0.03208241685753067,1.068464295283223,0.02401949861065911,0.0016627581941299607,0.0033859799158143197,-0.00873703448985555,0.0024421596819538915,-0.22721631177585347,0.00213371479186813,0.00589960898487566,0.0958629139456543
1421,0.03208241685753067,1.068464295283223,0.02401949861065911,0.0016627581941299607,0.0033859799158143197,-0.00873703448985555,0.0024421596819538915,-0.22721631177585347,0.00213371479186813,0.00589960898487566,0.0958629139456543
1422,0.03208241685753067,1.068464295283223,0.02401949861065911,0.0016627581941299607,0.0033859799158143197,-0.00873703448985555,0.0024421596819538915,-0.22721631177585347,0.00213371479186813,0.00589960898487566,0.0958629139456543
1423,0.03208241685753067,1.068464295283223,0.02401949861065911,0.0016627581941299607,0.0033859799158143197,-0.00873703448985555,0.0024421596819538915,-0.22721631177585347,0.00213371479186813,0.00589960898487566,0.0958629139456543
1424,0.03208241685753067,1.068464295283223,0.02401949861065911,0.0016627581941299607,0.0033859799158143197,-0.00873703448985555,0.0024421596819538915,-0.22721631177585347,0.00213371479186813,0.00589960898487566,0.0958629139456543
1425,0.03208241685753067,1.068464295283223,0.02401949861065911,0.0016627581941299607,0.0033859799158143197,-0.00873703448985555,0.0024421596819538915,-0.22721631177585347,0.00213371479186813,0.00589960898487566,0.0958629139456543
1426,0.03208241685753067,1.068464295283223,0.02401949861065911,0.0016627581941299607,0.0033859799158143197,-0.00873703448985555,0.0024421596819538915,-0.22721631177585347,0.00213371479186813,0.00589960898487566,0.0958629139456543
1427,0.03208241685753067,1.068464295283223,0.02401949861065911,0.0016627581941299607,0.0033859799158143197,-0.00873703448985555,0.0024421596819538915,-0.22721631177585347,0.00213371479186813,0.00589960898487566,0.0958629139456543
1428,0.03208241685753067,1.068464295283223,0.02401949861065911,0.0016627581941299607,0.0033859799158143197,-0.00873703448985555,0.0024421596819538915,-0.22721631177585347,0.00213371479186813,0.00589960898487566,0.0958629139456543
1429,0.03208241685753067,1.068464295283223,0.02401949861065911,0.0016627581941299607,0.0033859799158143197,-0.00873703448985555,0.0024421596819538915,-0.22721631177585347,0.00213371479186813,0.00589960898487566,0.0958629139456543
1430,-0.30000000000000016,0.023093563970121803,0.9706950313787835,0.019567073744206166,0.046571379404952366,0.0521938861966318,0.04240045088848996,0.04861472088324554,0.026350031594782754,0.02288416005523124,0.04762970188355502
1431,-0.30000000000000016,0.023093563970121803,0.9706950313787835,0.019567073744206166,0.046571379404952366,0.0521938861966318,0.04240045088848996,0.04861472088324554,0.026350031594782754,0.02288416005523124,0.04762970188355502
1432,-0.30000000000000016,0.023093563970121803,0.9706950313787835,0.019567073744206166,0.046571379404952366,0.0521938861966318,0.04240045088848996,0.04861472088324554,0.026350031594782754,0.02288416005523124,0.04762970188355502
1433,-0.30000000000000016,0.023093563970121803,0.9706950313787835,0.019567073744206166,0.046571379404952366,0.0521938861966318,0.04240045088848996,0.04861472088324554,0.026350031594782754,0.02288416005523124,0.04762970188355502
1434,-0.30000000000000016,0.023093563970121803,0.9706950313787835,0.019567073744206166,0.046571379404952366,0.0521938861966318,0.04240045088848996,0.04861472088324554,0.026350031594782754,0.02288416005523124,0.04762970188355502
1435,-0.30000000000000016,0.023093563970121803,0.9706950313787835,0.019567073744206166,0.046571379404952366,0.0521938861966318,0.04240045088848996,0.04861472088324554,0.026350031594782754,0.02288416005523124,0.04762970188355502
1436,-0.30000000000000016,0.023093563970121803,0.9706950313787835,0.019567073744206166,0.046571379404952366,0.0521938861966318,0.04240045088848996,0.04861472088324554,0.026350031594782754,0.02288416005523124,0.04762970188355502
1437,-0.30000000000000016,0.023093563970121803,0.9706950313787835,0.019567073744206166,0.046571379404952366,0.0521938861966318,0.04240045088848996,0.04861472088324554,0.026350031594782754,0.02288416005523124,0.04762970188355502
1438,-0.30000000000000016,0.023093563970121803,0.9706950313787835,0.019567073744206166,0.046571379404952366,0.0521938861966318,0.04240045088848996,0.04861472088324554,0.026350031594782754,0.02288416005523124,0.04762970188355502
1439,-0.30000000000000016,0.023093563970121803,0.9706950313787835,0.019567073744206166,0.046571379404952366,0.0521938861966318,0.04240045088848996,0.04861472088324554,0.026350031594782754,0.02288416005523124,0.04762970188355502
1440,-0.30000000000000016,0.023093563970121803,0.9706950313787835,0.019567073744206166,0.046571379404952366,0.0521938861966318,0.04240045088848996,0.04861472088324554,0.026350031594782754,0.02288416005523124,0.04762970188355502
1441,-0.30000000000000016,0.023093563970121803,0.9706950313787835,0.019567073744206166,0.046571379404952366,0.0521938861966318,0.04240045088848996,0.04861472088324554,0.026350031594782754,0.02288416005523124,0.04762970188355502
1442,-0.30000000000000016,0.023093563970121803,0.9706950313787835,0.019567073744206166,0.046571379404952366,0.0521938861966318,0.04240045088848996,0.04861472088324554,0.026350031594782754,0.02288416005523124,0.04762970188355502
1443,-0.30000000000000016,0.023093563970121803,0.9706950313787835,0.019567073744206166,0.046571379404952366,0.0521938861966318,0.04240045088848996,0.04861472088324554,0.026350031594782754,0.02288416005523124,0.04762970188355502
1444,-0.30000000000000016,0.023093563970121803,0.9706950313787835,0.019567073744206166,0.046571379404952366,0.0521938861966318,0.04240045088848996,0.04861472088324554,0.026350031594782754,0.02288416005523124,0.04762970188355502
1445,-0.30000000000000016,0.023093563970121803,0.9706950313787835,0.019567073744206166,0.046571379404952366,0.0521938861966318,0.04240045088848996,0.04861472088324554,0.026350031594782754,0.02288416005523124,0.04762970188355502
1446,-0.30000000000000016,0.023093563970121803,0.9706950313787835,0.019567073744206166,0.046571379404952366,0.0521938861966318,0.04240045088848996,0.04861472088324554,0.026350031594782754,0.02288416005523124,0.04762970188355502
1447,-0.30000000000000016,0.023093563970121803,0.9706950313787835,0.019567073744206166,0.046571379404952366,0.0521938861966318,0.04240045088848996,0.04861472088324554,0.026350031594782754,0.02288416005523124,0.04762970188355502
1448,-0.30000000000000016,0.023093563970121803,0.9706950313787835,0.019567073744206166,0.046571379404952366,0.0521938861966318,0.04240045088848996,0.04861472088324554,0.026350031594782754,0.02288416005523124,0.04762970188355502
1449,-0.30000000000000016,0.023093563970121803,0.9706950313787835,0.019567073744206166,0.046571379404952366,0.0521938861966318,0.04240045088848996,0.04861472088324554,0.026350031594782754,0.02288416005523124,0.04762970188355502
1450,-0.30000000000000016,0.023093563970121803,0.9706950313787835,0.019567073744206166,0.046571379404952366,0.0521938861966318,0.04240045088848996,0.04861472088324554,0.026350031594782754,0.02288416005523124,0.04762970188355502
1451,-0.30000000000000016,0.023093563970121803,0.9706950313787835,0.019567073744206166,0.046571379404952366,0.0521938861966318,0.04240045088848996,0.04861472088324554,0.026350031594782754,0.02288416005523124,0.04762970188355502
1452,-0.30000000000000016,0.023093563970121803,0.9706950313787835,0.019567073744206166,0.046571379404952366,0.0521938861966318,0.04240045088848996,0.04861472088324554,0.026350031594782754,0.02288416005523124,0.04762970188355502
1453,-0.30000000000000016,0.023093563970121803,0.9706950313787835,0.019567073744206166,0.046571379404952366,0.0521938861966318,0.04240045088848996,0.04861472088324554,0.026350031594782754,0.02288416005523124,0.04762970188355502
1454,-0.30000000000000016,0.023093563970121803,0.9706950313787835,0.019567073744206166,0.046571379404952366,0.0521938861966318,0.04240045088848996,0.04861472088324554,0.026350031594782754,0.02288416005523124,0.04762970188355502
1455,-0.30000000000000016,0.023093563970121803,0.9706950313787835,0.019567073744206166,0.046571379404952366,0.0521938861966318,0.04240045088848996,0.04861472088324554,0.026350031594782754,0.02288416005523124,0.04762970188355502
1456,-0.30000000000000016,0.023093563970121803,0.9706950313787835,0.019567073744206166,0.046571379404952366,0.0521938861966318,0.04240045088848996,0.04861472088324554,0.026350031594782754,0.02288416005523124,0.04762970188355502
1457,-0.30000000000000016,0.023093563970121803,0.9706950313787835,0.019567073744206166,0.046571379404952366,0.0521938861966318,0.04240045088848996,0.04861472088324554,0.026350031594782754,0.02288416005523124,0.04762970188355502
1458,-0.30000000000000016,0.023093563970121803,0.9706950313787835,0.019567073744206166,0.046571379404952366,0.0521938861966318,0.04240045088848996,0.04861472088324554,0.026350031594782754,0.02288416005523124,0.04762970188355502
1459,-0.30000000000000016,0.023093563970121803,0.9706950313787835,0.019567073744206166,0.046571379404952366,0.0521938861966318,0.04240045088848996,0.04861472088324554,0.026350031594782754,0.02288416005523124,0.04762970188355502
1460,-0.30000000000000016,0.023093563970121803,0.9706950313787835,0.019567073744206166,0.046571379404952366,0.0521938861966318,0.04240045088848996,0.04861472088324554,0.026350031594782754,0.02288416005523124,0.04762970188355502
1461,0.0,0.0,0.0,0.0,0.0,0.0,0.0,0.0,0.0,0.0,0.0
1462,0.0,0.0,0.0,0.0,0.0,0.0,0.0,0.0,0.0,0.0,0.0
1463,0.0,0.0,0.0,0.0,0.0,0.0,0.0,0.0,0.0,0.0,0.0
1464,0.0,0.0,0.0,0.0,0.0,0.0,0.0,0.0,0.0,0.0,0.0
1465,0.0,0.0,0.0,0.0,0.0,0.0,0.0,0.0,0.0,0.0,0.0
1466,0.0,0.0,0.0,0.0,0.0,0.0,0.0,0.0,0.0,0.0,0.0
1467,0.0,0.0,0.0,0.0,0.0,0.0,0.0,0.0,0.0,0.0,0.0
1468,0.0,0.0,0.0,0.0,0.0,0.0,0.0,0.0,0.0,0.0,0.0
1469,0.0,0.0,0.0,0.0,0.0,0.0,0.0,0.0,0.0,0.0,0.0
1470,0.0,0.0,0.0,0.0,0.0,0.0,0.0,0.0,0.0,0.0,0.0
1471,0.0,0.0,0.0,0.0,0.0,0.0,0.0,0.0,0.0,0.0,0.0
1472,0.0,0.0,0.0,0.0,0.0,0.0,0.0,0.0,0.0,0.0,0.0
1473,0.0,0.0,0.0,0.0,0.0,0.0,0.0,0.0,0.0,0.0,0.0
1474,0.0,0.0,0.0,0.0,0.0,0.0,0.0,0.0,0.0,0.0,0.0
1475,0.0,0.0,0.0,0.0,0.0,0.0,0.0,0.0,0.0,0.0,0.0
1476,0.0,0.0,0.0,0.0,0.0,0.0,0.0,0.0,0.0,0.0,0.0
1477,0.0,0.0,0.0,0.0,0.0,0.0,0.0,0.0,0.0,0.0,0.0
1478,0.0,0.0,0.0,0.0,0.0,0.0,0.0,0.0,0.0,0.0,0.0
1479,0.0,0.0,0.0,0.0,0.0,0.0,0.0,0.0,0.0,0.0,0.0
1480,0.0,0.0,0.0,0.0,0.0,0.0,0.0,0.0,0.0,0.0,0.0
1481,0.0,0.0,0.0,0.0,0.0,0.0,0.0,0.0,0.0,0.0,0.0
1482,0.0,0.0,0.0,0.0,0.0,0.0,0.0,0.0,0.0,0.0,0.0
1483,0.0,0.0,0.0,0.0,0.0,0.0,0.0,0.0,0.0,0.0,0.0
1484,0.0,0.0,0.0,0.0,0.0,0.0,0.0,0.0,0.0,0.0,0.0
1485,0.0,0.0,0.0,0.0,0.0,0.0,0.0,0.0,0.0,0.0,0.0
1486,0.0,0.0,0.0,0.0,0.0,0.0,0.0,0.0,0.0,0.0,0.0
1487,0.0,0.0,0.0,0.0,0.0,0.0,0.0,0.0,0.0,0.0,0.0
1488,0.0,0.0,0.0,0.0,0.0,0.0,0.0,0.0,0.0,0.0,0.0
1489,0.0,0.0,0.0,0.0,0.0,0.0,0.0,0.0,0.0,0.0,0.0
1490,0.0,0.0,0.0,0.0,0.0,0.0,0.0,0.0,0.0,0.0,0.0
1491,0.0,0.0,0.0,0.0,0.0,0.0,0.0,0.0,0.0,0.0,0.0
1492,0.0,0.0,0.0,0.0,0.0,0.0,0.0,0.0,0.0,0.0,0.0
1493,0.0,0.0,0.0,0.0,0.0,0.0,0.0,0.0,0.0,0.0,0.0
1494,0.0,0.0,0.0,0.0,0.0,0.0,0.0,0.0,0.0,0.0,0.0
1495,0.0,0.0,0.0,0.0,0.0,0.0,0.0,0.0,0.0,0.0,0.0
1496,0.0,0.0,0.0,0.0,0.0,0.0,0.0,0.0,0.0,0.0,0.0
1497,0.0,0.0,0.0,0.0,0.0,0.0,0.0,0.0,0.0,0.0,0.0
1498,0.0,0.0,0.0,0.0,0.0,0.0,0.0,0.0,0.0,0.0,0.0
1499,0.0,0.0,0.0,0.0,0.0,0.0,0.0,0.0,0.0,0.0,0.0
1500,0.0,0.0,0.0,0.0,0.0,0.0,0.0,0.0,0.0,0.0,0.0
1501,0.0,0.0,0.0,0.0,0.0,0.0,0.0,0.0,0.0,0.0,0.0
1502,0.0,0.0,0.0,0.0,0.0,0.0,0.0,0.0,0.0,0.0,0.0
1503,0.0,0.0,0.0,0.0,0.0,0.0,0.0,0.0,0.0,0.0,0.0
1504,0.0,0.0,0.0,0.0,0.0,0.0,0.0,0.0,0.0,0.0,0.0
1505,0.0,0.0,0.0,0.0,0.0,0.0,0.0,0.0,0.0,0.0,0.0
1506,0.0,0.0,0.0,0.0,0.0,0.0,0.0,0.0,0.0,0.0,0.0
1507,0.0,0.0,0.0,0.0,0.0,0.0,0.0,0.0,0.0,0.0,0.0
1508,0.0,0.0,0.0,0.0,0.0,0.0,0.0,0.0,0.0,0.0,0.0
1509,0.0,0.0,0.0,0.0,0.0,0.0,0.0,0.0,0.0,0.0,0.0
1510,0.0,0.0,0.0,0.0,0.0,0.0,0.0,0.0,0.0,0.0,0.0
1511,0.0,0.0,0.0,0.0,0.0,0.0,0.0,0.0,0.0,0.0,0.0
1512,0.0,0.0,0.0,0.0,0.0,0.0,0.0,0.0,0.0,0.0,0.0
1513,0.0,0.0,0.0,0.0,0.0,0.0,0.0,0.0,0.0,0.0,0.0
1514,0.0,0.0,0.0,0.0,0.0,0.0,0.0,0.0,0.0,0.0,0.0
1515,0.0,0.0,0.0,0.0,0.0,0.0,0.0,0.0,0.0,0.0,0.0
1516,0.0,0.0,0.0,0.0,0.0,0.0,0.0,0.0,0.0,0.0,0.0
1517,0.0,0.0,0.0,0.0,0.0,0.0,0.0,0.0,0.0,0.0,0.0
1518,0.0,0.0,0.0,0.0,0.0,0.0,0.0,0.0,0.0,0.0,0.0
1519,0.0,0.0,0.0,0.0,0.0,0.0,0.0,0.0,0.0,0.0,0.0
1520,0.0,0.0,0.0,0.0,0.0,0.0,0.0,0.0,0.0,0.0,0.0
1521,0.0,0.0,0.0,0.0,0.0,0.0,0.0,0.0,0.0,0.0,0.0
1522,0.0,0.0,0.0,0.0,0.0,0.0,0.0,0.0,0.0,0.0,0.0
1523,0.0,0.0,0.0,0.0,0.0,0.0,0.0,0.0,0.0,0.0,0.0
1524,0.0,0.0,0.0,0.0,0.0,0.0,0.0,0.0,0.0,0.0,0.0
1525,0.0,0.0,0.0,0.0,0.0,0.0,0.0,0.0,0.0,0.0,0.0
1526,0.0,0.0,0.0,0.0,0.0,0.0,0.0,0.0,0.0,0.0,0.0
1527,0.0,0.0,0.0,0.0,0.0,0.0,0.0,0.0,0.0,0.0,0.0
1528,0.0,0.0,0.0,0.0,0.0,0.0,0.0,0.0,0.0,0.0,0.0
1529,0.0,0.0,0.0,0.0,0.0,0.0,0.0,0.0,0.0,0.0,0.0
1530,0.0,0.0,0.0,0.0,0.0,0.0,0.0,0.0,0.0,0.0,0.0
1531,0.0,0.0,0.0,0.0,0.0,0.0,0.0,0.0,0.0,0.0,0.0
1532,0.0,0.0,0.0,0.0,0.0,0.0,0.0,0.0,0.0,0.0,0.0
1533,0.0,0.0,0.0,0.0,0.0,0.0,0.0,0.0,0.0,0.0,0.0
1534,0.0,0.0,0.0,0.0,0.0,0.0,0.0,0.0,0.0,0.0,0.0
1535,0.0,0.0,0.0,0.0,0.0,0.0,0.0,0.0,0.0,0.0,0.0
1536,0.0,0.0,0.0,0.0,0.0,0.0,0.0,0.0,0.0,0.0,0.0
1537,0.0,0.0,0.0,0.0,0.0,0.0,0.0,0.0,0.0,0.0,0.0
1538,0.0,0.0,0.0,0.0,0.0,0.0,0.0,0.0,0.0,0.0,0.0
1539,0.0,0.0,0.0,0.0,0.0,0.0,0.0,0.0,0.0,0.0,0.0
1540,0.0,0.0,0.0,0.0,0.0,0.0,0.0,0.0,0.0,0.0,0.0
1541,0.0,0.0,0.0,0.0,0.0,0.0,0.0,0.0,0.0,0.0,0.0
1542,0.0,0.0,0.0,0.0,0.0,0.0,0.0,0.0,0.0,0.0,0.0
1543,0.0,0.0,0.0,0.0,0.0,0.0,0.0,0.0,0.0,0.0,0.0
1544,0.0,0.0,0.0,0.0,0.0,0.0,0.0,0.0,0.0,0.0,0.0
1545,0.0,0.0,0.0,0.0,0.0,0.0,0.0,0.0,0.0,0.0,0.0
1546,0.0,0.0,0.0,0.0,0.0,0.0,0.0,0.0,0.0,0.0,0.0
1547,0.0,0.0,0.0,0.0,0.0,0.0,0.0,0.0,0.0,0.0,0.0
1548,0.0,0.0,0.0,0.0,0.0,0.0,0.0,0.0,0.0,0.0,0.0
1549,0.0,0.0,0.0,0.0,0.0,0.0,0.0,0.0,0.0,0.0,0.0
1550,0.0,0.0,0.0,0.0,0.0,0.0,0.0,0.0,0.0,0.0,0.0
1551,0.0,0.0,0.0,0.0,0.0,0.0,0.0,0.0,0.0,0.0,0.0
1552,0.0,0.0,0.0,0.0,0.0,0.0,0.0,0.0,0.0,0.0,0.0
1553,0.0,0.0,0.0,0.0,0.0,0.0,0.0,0.0,0.0,0.0,0.0
1554,0.0,0.0,0.0,0.0,0.0,0.0,0.0,0.0,0.0,0.0,0.0
1555,0.0,0.0,0.0,0.0,0.0,0.0,0.0,0.0,0.0,0.0,0.0
1556,0.0,0.0,0.0,0.0,0.0,0.0,0.0,0.0,0.0,0.0,0.0
1557,0.0,0.0,0.0,0.0,0.0,0.0,0.0,0.0,0.0,0.0,0.0
1558,0.0,0.0,0.0,0.0,0.0,0.0,0.0,0.0,0.0,0.0,0.0
1559,0.0,0.0,0.0,0.0,0.0,0.0,0.0,0.0,0.0,0.0,0.0
1560,0.0,0.0,0.0,0.0,0.0,0.0,0.0,0.0,0.0,0.0,0.0
1561,0.0,0.0,0.0,0.0,0.0,0.0,0.0,0.0,0.0,0.0,0.0
1562,0.0,0.0,0.0,0.0,0.0,0.0,0.0,0.0,0.0,0.0,0.0
1563,0.0,0.0,0.0,0.0,0.0,0.0,0.0,0.0,0.0,0.0,0.0
1564,0.0,0.0,0.0,0.0,0.0,0.0,0.0,0.0,0.0,0.0,0.0
1565,0.0,0.0,0.0,0.0,0.0,0.0,0.0,0.0,0.0,0.0,0.0
1566,0.0,0.0,0.0,0.0,0.0,0.0,0.0,0.0,0.0,0.0,0.0
1567,0.0,0.0,0.0,0.0,0.0,0.0,0.0,0.0,0.0,0.0,0.0
1568,0.0,0.0,0.0,0.0,0.0,0.0,0.0,0.0,0.0,0.0,0.0
1569,0.0,0.0,0.0,0.0,0.0,0.0,0.0,0.0,0.0,0.0,0.0
1570,0.0,0.0,0.0,0.0,0.0,0.0,0.0,0.0,0.0,0.0,0.0
1571,0.0,0.0,0.0,0.0,0.0,0.0,0.0,0.0,0.0,0.0,0.0
1572,0.0,0.0,0.0,0.0,0.0,0.0,0.0,0.0,0.0,0.0,0.0
1573,0.0,0.0,0.0,0.0,0.0,0.0,0.0,0.0,0.0,0.0,0.0
1574,0.0,0.0,0.0,0.0,0.0,0.0,0.0,0.0,0.0,0.0,0.0
1575,0.0,0.0,0.0,0.0,0.0,0.0,0.0,0.0,0.0,0.0,0.0
1576,0.0,0.0,0.0,0.0,0.0,0.0,0.0,0.0,0.0,0.0,0.0
1577,0.0,0.0,0.0,0.0,0.0,0.0,0.0,0.0,0.0,0.0,0.0
1578,0.0,0.0,0.0,0.0,0.0,0.0,0.0,0.0,0.0,0.0,0.0
1579,0.0,0.0,0.0,0.0,0.0,0.0,0.0,0.0,0.0,0.0,0.0
1580,0.0,0.0,0.0,0.0,0.0,0.0,0.0,0.0,0.0,0.0,0.0
1581,0.0,0.0,0.0,0.0,0.0,0.0,0.0,0.0,0.0,0.0,0.0
1582,0.0,0.0,0.0,0.0,0.0,0.0,0.0,0.0,0.0,0.0,0.0
1583,0.0,0.0,0.0,0.0,0.0,0.0,0.0,0.0,0.0,0.0,0.0
1584,0.0,0.0,0.0,0.0,0.0,0.0,0.0,0.0,0.0,0.0,0.0
1585,0.0,0.0,0.0,0.0,0.0,0.0,0.0,0.0,0.0,0.0,0.0
1586,0.0,0.0,0.0,0.0,0.0,0.0,0.0,0.0,0.0,0.0,0.0
1587,0.0,0.0,0.0,0.0,0.0,0.0,0.0,0.0,0.0,0.0,0.0
1588,0.0,0.0,0.0,0.0,0.0,0.0,0.0,0.0,0.0,0.0,0.0
1589,0.0,0.0,0.0,0.0,0.0,0.0,0.0,0.0,0.0,0.0,0.0
1590,0.0,0.0,0.0,0.0,0.0,0.0,0.0,0.0,0.0,0.0,0.0
1591,0.0,0.0,0.0,0.0,0.0,0.0,0.0,0.0,0.0,0.0,0.0
1592,0.0,0.0,0.0,0.0,0.0,0.0,0.0,0.0,0.0,0.0,0.0
1593,0.0,0.0,0.0,0.0,0.0,0.0,0.0,0.0,0.0,0.0,0.0
1594,0.0,0.0,0.0,0.0,0.0,0.0,0.0,0.0,0.0,0.0,0.0
1595,0.0,0.0,0.0,0.0,0.0,0.0,0.0,0.0,0.0,0.0,0.0
1596,0.0,0.0,0.0,0.0,0.0,0.0,0.0,0.0,0.0,0.0,0.0
1597,0.0,0.0,0.0,0.0,0.0,0.0,0.0,0.0,0.0,0.0,0.0
1598,0.0,0.0,0.0,0.0,0.0,0.0,0.0,0.0,0.0,0.0,0.0
1599,0.0,0.0,0.0,0.0,0.0,0.0,0.0,0.0,0.0,0.0,0.0
1600,0.0,0.0,0.0,0.0,0.0,0.0,0.0,0.0,0.0,0.0,0.0
1601,0.0,0.0,0.0,0.0,0.0,0.0,0.0,0.0,0.0,0.0,0.0
1602,0.0,0.0,0.0,0.0,0.0,0.0,0.0,0.0,0.0,0.0,0.0
1603,0.0,0.0,0.0,0.0,0.0,0.0,0.0,0.0,0.0,0.0,0.0
1604,0.0,0.0,0.0,0.0,0.0,0.0,0.0,0.0,0.0,0.0,0.0
1605,0.0,0.0,0.0,0.0,0.0,0.0,0.0,0.0,0.0,0.0,0.0
1606,0.0,0.0,0.0,0.0,0.0,0.0,0.0,0.0,0.0,0.0,0.0
1607,0.0,0.0,0.0,0.0,0.0,0.0,0.0,0.0,0.0,0.0,0.0
1608,0.0,0.0,0.0,0.0,0.0,0.0,0.0,0.0,0.0,0.0,0.0
1609,0.0,0.0,0.0,0.0,0.0,0.0,0.0,0.0,0.0,0.0,0.0
1610,0.0,0.0,0.0,0.0,0.0,0.0,0.0,0.0,0.0,0.0,0.0
1611,0.0,0.0,0.0,0.0,0.0,0.0,0.0,0.0,0.0,0.0,0.0
1612,0.0,0.0,0.0,0.0,0.0,0.0,0.0,0.0,0.0,0.0,0.0
1613,0.0,0.0,0.0,0.0,0.0,0.0,0.0,0.0,0.0,0.0,0.0
1614,0.0,0.0,0.0,0.0,0.0,0.0,0.0,0.0,0.0,0.0,0.0
1615,0.0,0.0,0.0,0.0,0.0,0.0,0.0,0.0,0.0,0.0,0.0
1616,0.0,0.0,0.0,0.0,0.0,0.0,0.0,0.0,0.0,0.0,0.0
1617,0.0,0.0,0.0,0.0,0.0,0.0,0.0,0.0,0.0,0.0,0.0
1618,0.0,0.0,0.0,0.0,0.0,0.0,0.0,0.0,0.0,0.0,0.0
1619,0.0,0.0,0.0,0.0,0.0,0.0,0.0,0.0,0.0,0.0,0.0
1620,0.0,0.0,0.0,0.0,0.0,0.0,0.0,0.0,0.0,0.0,0.0
1621,0.0,0.0,0.0,0.0,0.0,0.0,0.0,0.0,0.0,0.0,0.0
1622,0.0,0.0,0.0,0.0,0.0,0.0,0.0,0.0,0.0,0.0,0.0
1623,0.0,0.0,0.0,0.0,0.0,0.0,0.0,0.0,0.0,0.0,0.0
1624,0.0,0.0,0.0,0.0,0.0,0.0,0.0,0.0,0.0,0.0,0.0
1625,0.0,0.0,0.0,0.0,0.0,0.0,0.0,0.0,0.0,0.0,0.0
1626,0.0,0.0,0.0,0.0,0.0,0.0,0.0,0.0,0.0,0.0,0.0
1627,0.0,0.0,0.0,0.0,0.0,0.0,0.0,0.0,0.0,0.0,0.0
1628,0.0,0.0,0.0,0.0,0.0,0.0,0.0,0.0,0.0,0.0,0.0
1629,0.0,0.0,0.0,0.0,0.0,0.0,0.0,0.0,0.0,0.0,0.0
1630,0.0,0.0,0.0,0.0,0.0,0.0,0.0,0.0,0.0,0.0,0.0
1631,0.0,0.0,0.0,0.0,0.0,0.0,0.0,0.0,0.0,0.0,0.0
1632,0.0,0.0,0.0,0.0,0.0,0.0,0.0,0.0,0.0,0.0,0.0
1633,0.0,0.0,0.0,0.0,0.0,0.0,0.0,0.0,0.0,0.0,0.0
1634,0.0,0.0,0.0,0.0,0.0,0.0,0.0,0.0,0.0,0.0,0.0
1635,0.0,0.0,0.0,0.0,0.0,0.0,0.0,0.0,0.0,0.0,0.0
1636,0.0,0.0,0.0,0.0,0.0,0.0,0.0,0.0,0.0,0.0,0.0
1637,0.0,0.0,0.0,0.0,0.0,0.0,0.0,0.0,0.0,0.0,0.0
1638,0.0,0.0,0.0,0.0,0.0,0.0,0.0,0.0,0.0,0.0,0.0
1639,0.0,0.0,0.0,0.0,0.0,0.0,0.0,0.0,0.0,0.0,0.0
1640,0.0,0.0,0.0,0.0,0.0,0.0,0.0,0.0,0.0,0.0,0.0
1641,0.0,0.0,0.0,0.0,0.0,0.0,0.0,0.0,0.0,0.0,0.0
1642,0.0,0.0,0.0,0.0,0.0,0.0,0.0,0.0,0.0,0.0,0.0
1643,0.0,0.0,0.0,0.0,0.0,0.0,0.0,0.0,0.0,0.0,0.0
1644,0.0,0.0,0.0,0.0,0.0,0.0,0.0,0.0,0.0,0.0,0.0
1645,0.0,0.0,0.0,0.0,0.0,0.0,0.0,0.0,0.0,0.0,0.0
1646,0.0,0.0,0.0,0.0,0.0,0.0,0.0,0.0,0.0,0.0,0.0
1647,0.0,0.0,0.0,0.0,0.0,0.0,0.0,0.0,0.0,0.0,0.0
1648,0.0,0.0,0.0,0.0,0.0,0.0,0.0,0.0,0.0,0.0,0.0
1649,0.0,0.0,0.0,0.0,0.0,0.0,0.0,0.0,0.0,0.0,0.0
1650,0.0,0.0,0.0,0.0,0.0,0.0,0.0,0.0,0.0,0.0,0.0
1651,0.0,0.0,0.0,0.0,0.0,0.0,0.0,0.0,0.0,0.0,0.0
1652,0.0,0.0,0.0,0.0,0.0,0.0,0.0,0.0,0.0,0.0,0.0
1653,0.0,0.0,0.0,0.0,0.0,0.0,0.0,0.0,0.0,0.0,0.0
1654,0.0,0.0,0.0,0.0,0.0,0.0,0.0,0.0,0.0,0.0,0.0
1655,0.0,0.0,0.0,0.0,0.0,0.0,0.0,0.0,0.0,0.0,0.0
1656,0.0,0.0,0.0,0.0,0.0,0.0,0.0,0.0,0.0,0.0,0.0
1657,0.0,0.0,0.0,0.0,0.0,0.0,0.0,0.0,0.0,0.0,0.0
1658,0.0,0.0,0.0,0.0,0.0,0.0,0.0,0.0,0.0,0.0,0.0
1659,0.0,0.0,0.0,0.0,0.0,0.0,0.0,0.0,0.0,0.0,0.0
1660,0.0,0.0,0.0,0.0,0.0,0.0,0.0,0.0,0.0,0.0,0.0
1661,0.0,0.0,0.0,0.0,0.0,0.0,0.0,0.0,0.0,0.0,0.0
1662,0.0,0.0,0.0,0.0,0.0,0.0,0.0,0.0,0.0,0.0,0.0
1663,0.0,0.0,0.0,0.0,0.0,0.0,0.0,0.0,0.0,0.0,0.0
1664,0.0,0.0,0.0,0.0,0.0,0.0,0.0,0.0,0.0,0.0,0.0
1665,0.0,0.0,0.0,0.0,0.0,0.0,0.0,0.0,0.0,0.0,0.0
1666,0.0,0.0,0.0,0.0,0.0,0.0,0.0,0.0,0.0,0.0,0.0
1667,0.0,0.0,0.0,0.0,0.0,0.0,0.0,0.0,0.0,0.0,0.0
1668,0.0,0.0,0.0,0.0,0.0,0.0,0.0,0.0,0.0,0.0,0.0
1669,0.0,0.0,0.0,0.0,0.0,0.0,0.0,0.0,0.0,0.0,0.0
1670,0.0,0.0,0.0,0.0,0.0,0.0,0.0,0.0,0.0,0.0,0.0
1671,0.0,0.0,0.0,0.0,0.0,0.0,0.0,0.0,0.0,0.0,0.0
1672,0.0,0.0,0.0,0.0,0.0,0.0,0.0,0.0,0.0,0.0,0.0
1673,0.0,0.0,0.0,0.0,0.0,0.0,0.0,0.0,0.0,0.0,0.0
1674,0.0,0.0,0.0,0.0,0.0,0.0,0.0,0.0,0.0,0.0,0.0
1675,0.0,0.0,0.0,0.0,0.0,0.0,0.0,0.0,0.0,0.0,0.0
1676,0.0,0.0,0.0,0.0,0.0,0.0,0.0,0.0,0.0,0.0,0.0
1677,0.0,0.0,0.0,0.0,0.0,0.0,0.0,0.0,0.0,0.0,0.0
1678,0.0,0.0,0.0,0.0,0.0,0.0,0.0,0.0,0.0,0.0,0.0
1679,0.0,0.0,0.0,0.0,0.0,0.0,0.0,0.0,0.0,0.0,0.0
1680,0.0,0.0,0.0,0.0,0.0,0.0,0.0,0.0,0.0,0.0,0.0
1681,0.0,0.0,0.0,0.0,0.0,0.0,0.0,0.0,0.0,0.0,0.0
1682,0.0,0.0,0.0,0.0,0.0,0.0,0.0,0.0,0.0,0.0,0.0
1683,0.0,0.0,0.0,0.0,0.0,0.0,0.0,0.0,0.0,0.0,0.0
1684,0.0,0.0,0.0,0.0,0.0,0.0,0.0,0.0,0.0,0.0,0.0
1685,0.0,0.0,0.0,0.0,0.0,0.0,0.0,0.0,0.0,0.0,0.0
1686,0.0,0.0,0.0,0.0,0.0,0.0,0.0,0.0,0.0,0.0,0.0
1687,0.0,0.0,0.0,0.0,0.0,0.0,0.0,0.0,0.0,0.0,0.0
1688,0.0,0.0,0.0,0.0,0.0,0.0,0.0,0.0,0.0,0.0,0.0
1689,0.0,0.0,0.0,0.0,0.0,0.0,0.0,0.0,0.0,0.0,0.0
1690,0.0,0.0,0.0,0.0,0.0,0.0,0.0,0.0,0.0,0.0,0.0
1691,0.0,0.0,0.0,0.0,0.0,0.0,0.0,0.0,0.0,0.0,0.0
1692,0.0,0.0,0.0,0.0,0.0,0.0,0.0,0.0,0.0,0.0,0.0
1693,0.0,0.0,0.0,0.0,0.0,0.0,0.0,0.0,0.0,0.0,0.0
1694,0.0,0.0,0.0,0.0,0.0,0.0,0.0,0.0,0.0,0.0,0.0
1695,0.0,0.0,0.0,0.0,0.0,0.0,0.0,0.0,0.0,0.0,0.0
1696,0.0,0.0,0.0,0.0,0.0,0.0,0.0,0.0,0.0,0.0,0.0
1697,0.0,0.0,0.0,0.0,0.0,0.0,0.0,0.0,0.0,0.0,0.0
1698,0.0,0.0,0.0,0.0,0.0,0.0,0.0,0.0,0.0,0.0,0.0
1699,0.0,0.0,0.0,0.0,0.0,0.0,0.0,0.0,0.0,0.0,0.0
1700,0.0,0.0,0.0,0.0,0.0,0.0,0.0,0.0,0.0,0.0,0.0
1701,0.0,0.0,0.0,0.0,0.0,0.0,0.0,0.0,0.0,0.0,0.0
1702,0.0,0.0,0.0,0.0,0.0,0.0,0.0,0.0,0.0,0.0,0.0
1703,0.0,0.0,0.0,0.0,0.0,0.0,0.0,0.0,0.0,0.0,0.0
1704,0.0,0.0,0.0,0.0,0.0,0.0,0.0,0.0,0.0,0.0,0.0
1705,0.0,0.0,0.0,0.0,0.0,0.0,0.0,0.0,0.0,0.0,0.0
1706,0.0,0.0,0.0,0.0,0.0,0.0,0.0,0.0,0.0,0.0,0.0
1707,0.0,0.0,0.0,0.0,0.0,0.0,0.0,0.0,0.0,0.0,0.0
1708,0.0,0.0,0.0,0.0,0.0,0.0,0.0,0.0,0.0,0.0,0.0
1709,0.0,0.0,0.0,0.0,0.0,0.0,0.0,0.0,0.0,0.0,0.0
1710,0.0,0.0,0.0,0.0,0.0,0.0,0.0,0.0,0.0,0.0,0.0
1711,0.0,0.0,0.0,0.0,0.0,0.0,0.0,0.0,0.0,0.0,0.0
1712,0.0,0.0,0.0,0.0,0.0,0.0,0.0,0.0,0.0,0.0,0.0
1713,0.0,0.0,0.0,0.0,0.0,0.0,0.0,0.0,0.0,0.0,0.0
1714,0.0,0.0,0.0,0.0,0.0,0.0,0.0,0.0,0.0,0.0,0.0
1715,0.0,0.0,0.0,0.0,0.0,0.0,0.0,0.0,0.0,0.0,0.0
1716,0.0,0.0,0.0,0.0,0.0,0.0,0.0,0.0,0.0,0.0,0.0
1717,0.0,0.0,0.0,0.0,0.0,0.0,0.0,0.0,0.0,0.0,0.0
1718,0.0,0.0,0.0,0.0,0.0,0.0,0.0,0.0,0.0,0.0,0.0
1719,0.0,0.0,0.0,0.0,0.0,0.0,0.0,0.0,0.0,0.0,0.0
1720,0.0,0.0,0.0,0.0,0.0,0.0,0.0,0.0,0.0,0.0,0.0
1721,0.0,0.0,0.0,0.0,0.0,0.0,0.0,0.0,0.0,0.0,0.0
1722,0.0,0.0,0.0,0.0,0.0,0.0,0.0,0.0,0.0,0.0,0.0
1723,0.0,0.0,0.0,0.0,0.0,0.0,0.0,0.0,0.0,0.0,0.0
1724,0.0,0.0,0.0,0.0,0.0,0.0,0.0,0.0,0.0,0.0,0.0
1725,0.0,0.0,0.0,0.0,0.0,0.0,0.0,0.0,0.0,0.0,0.0
1726,0.0,0.0,0.0,0.0,0.0,0.0,0.0,0.0,0.0,0.0,0.0
1727,0.0,0.0,0.0,0.0,0.0,0.0,0.0,0.0,0.0,0.0,0.0
1728,0.0,0.0,0.0,0.0,0.0,0.0,0.0,0.0,0.0,0.0,0.0
1729,0.0,0.0,0.0,0.0,0.0,0.0,0.0,0.0,0.0,0.0,0.0
1730,0.0,0.0,0.0,0.0,0.0,0.0,0.0,0.0,0.0,0.0,0.0
1731,0.0,0.0,0.0,0.0,0.0,0.0,0.0,0.0,0.0,0.0,0.0
1732,0.0,0.0,0.0,0.0,0.0,0.0,0.0,0.0,0.0,0.0,0.0
1733,0.0,0.0,0.0,0.0,0.0,0.0,0.0,0.0,0.0,0.0,0.0
1734,0.0,0.0,0.0,0.0,0.0,0.0,0.0,0.0,0.0,0.0,0.0
1735,0.0,0.0,0.0,0.0,0.0,0.0,0.0,0.0,0.0,0.0,0.0
1736,0.0,0.0,0.0,0.0,0.0,0.0,0.0,0.0,0.0,0.0,0.0
1737,0.0,0.0,0.0,0.0,0.0,0.0,0.0,0.0,0.0,0.0,0.0
1738,0.0,0.0,0.0,0.0,0.0,0.0,0.0,0.0,0.0,0.0,0.0
1739,0.0,0.0,0.0,0.0,0.0,0.0,0.0,0.0,0.0,0.0,0.0
1740,0.0,0.0,0.0,0.0,0.0,0.0,0.0,0.0,0.0,0.0,0.0
1741,0.0,0.0,0.0,0.0,0.0,0.0,0.0,0.0,0.0,0.0,0.0
1742,0.0,0.0,0.0,0.0,0.0,0.0,0.0,0.0,0.0,0.0,0.0
1743,0.0,0.0,0.0,0.0,0.0,0.0,0.0,0.0,0.0,0.0,0.0
1744,0.0,0.0,0.0,0.0,0.0,0.0,0.0,0.0,0.0,0.0,0.0
1745,0.0,0.0,0.0,0.0,0.0,0.0,0.0,0.0,0.0,0.0,0.0
1746,0.0,0.0,0.0,0.0,0.0,0.0,0.0,0.0,0.0,0.0,0.0
1747,0.0,0.0,0.0,0.0,0.0,0.0,0.0,0.0,0.0,0.0,0.0
1748,0.0,0.0,0.0,0.0,0.0,0.0,0.0,0.0,0.0,0.0,0.0
1749,0.0,0.0,0.0,0.0,0.0,0.0,0.0,0.0,0.0,0.0,0.0
1750,0.0,0.0,0.0,0.0,0.0,0.0,0.0,0.0,0.0,0.0,0.0
1751,0.0,0.0,0.0,0.0,0.0,0.0,0.0,0.0,0.0,0.0,0.0
1752,0.0,0.0,0.0,0.0,0.0,0.0,0.0,0.0,0.0,0.0,0.0
1753,0.0,0.0,0.0,0.0,0.0,0.0,0.0,0.0,0.0,0.0,0.0
1754,0.0,0.0,0.0,0.0,0.0,0.0,0.0,0.0,0.0,0.0,0.0
1755,0.0,0.0,0.0,0.0,0.0,0.0,0.0,0.0,0.0,0.0,0.0
1756,0.0,0.0,0.0,0.0,0.0,0.0,0.0,0.0,0.0,0.0,0.0
1757,0.0,0.0,0.0,0.0,0.0,0.0,0.0,0.0,0.0,0.0,0.0
1758,0.0,0.0,0.0,0.0,0.0,0.0,0.0,0.0,0.0,0.0,0.0
1759,0.0,0.0,0.0,0.0,0.0,0.0,0.0,0.0,0.0,0.0,0.0
1760,0.0,0.0,0.0,0.0,0.0,0.0,0.0,0.0,0.0,0.0,0.0
1761,0.0,0.0,0.0,0.0,0.0,0.0,0.0,0.0,0.0,0.0,0.0
1762,0.0,0.0,0.0,0.0,0.0,0.0,0.0,0.0,0.0,0.0,0.0
1763,0.0,0.0,0.0,0.0,0.0,0.0,0.0,0.0,0.0,0.0,0.0
1764,0.0,0.0,0.0,0.0,0.0,0.0,0.0,0.0,0.0,0.0,0.0
1765,0.0,0.0,0.0,0.0,0.0,0.0,0.0,0.0,0.0,0.0,0.0
1766,0.0,0.0,0.0,0.0,0.0,0.0,0.0,0.0,0.0,0.0,0.0
1767,0.0,0.0,0.0,0.0,0.0,0.0,0.0,0.0,0.0,0.0,0.0
1768,0.0,0.0,0.0,0.0,0.0,0.0,0.0,0.0,0.0,0.0,0.0
1769,0.0,0.0,0.0,0.0,0.0,0.0,0.0,0.0,0.0,0.0,0.0
1770,0.0,0.0,0.0,0.0,0.0,0.0,0.0,0.0,0.0,0.0,0.0
1771,0.0,0.0,0.0,0.0,0.0,0.0,0.0,0.0,0.0,0.0,0.0
1772,0.0,0.0,0.0,0.0,0.0,0.0,0.0,0.0,0.0,0.0,0.0
1773,0.0,0.0,0.0,0.0,0.0,0.0,0.0,0.0,0.0,0.0,0.0
1774,0.0,0.0,0.0,0.0,0.0,0.0,0.0,0.0,0.0,0.0,0.0
1775,0.0,0.0,0.0,0.0,0.0,0.0,0.0,0.0,0.0,0.0,0.0
1776,0.0,0.0,0.0,0.0,0.0,0.0,0.0,0.0,0.0,0.0,0.0
1777,0.0,0.0,0.0,0.0,0.0,0.0,0.0,0.0,0.0,0.0,0.0
1778,0.0,0.0,0.0,0.0,0.0,0.0,0.0,0.0,0.0,0.0,0.0
1779,0.0,0.0,0.0,0.0,0.0,0.0,0.0,0.0,0.0,0.0,0.0
1780,0.0,0.0,0.0,0.0,0.0,0.0,0.0,0.0,0.0,0.0,0.0
1781,0.0,0.0,0.0,0.0,0.0,0.0,0.0,0.0,0.0,0.0,0.0
1782,0.0,0.0,0.0,0.0,0.0,0.0,0.0,0.0,0.0,0.0,0.0
1783,0.0,0.0,0.0,0.0,0.0,0.0,0.0,0.0,0.0,0.0,0.0
1784,0.0,0.0,0.0,0.0,0.0,0.0,0.0,0.0,0.0,0.0,0.0
1785,0.0,0.0,0.0,0.0,0.0,0.0,0.0,0.0,0.0,0.0,0.0
1786,0.0,0.0,0.0,0.0,0.0,0.0,0.0,0.0,0.0,0.0,0.0
1787,0.0,0.0,0.0,0.0,0.0,0.0,0.0,0.0,0.0,0.0,0.0
1788,0.0,0.0,0.0,0.0,0.0,0.0,0.0,0.0,0.0,0.0,0.0
1789,0.0,0.0,0.0,0.0,0.0,0.0,0.0,0.0,0.0,0.0,0.0
1790,0.0,0.0,0.0,0.0,0.0,0.0,0.0,0.0,0.0,0.0,0.0
1791,0.0,0.0,0.0,0.0,0.0,0.0,0.0,0.0,0.0,0.0,0.0
1792,0.0,0.0,0.0,0.0,0.0,0.0,0.0,0.0,0.0,0.0,0.0
1793,0.0,0.0,0.0,0.0,0.0,0.0,0.0,0.0,0.0,0.0,0.0
1794,0.0,0.0,0.0,0.0,0.0,0.0,0.0,0.0,0.0,0.0,0.0
1795,0.0,0.0,0.0,0.0,0.0,0.0,0.0,0.0,0.0,0.0,0.0
1796,0.0,0.0,0.0,0.0,0.0,0.0,0.0,0.0,0.0,0.0,0.0
1797,0.0,0.0,0.0,0.0,0.0,0.0,0.0,0.0,0.0,0.0,0.0
1798,0.0,0.0,0.0,0.0,0.0,0.0,0.0,0.0,0.0,0.0,0.0
1799,0.0,0.0,0.0,0.0,0.0,0.0,0.0,0.0,0.0,0.0,0.0
1800,0.0,0.0,0.0,0.0,0.0,0.0,0.0,0.0,0.0,0.0,0.0
1801,0.0,0.0,0.0,0.0,0.0,0.0,0.0,0.0,0.0,0.0,0.0
1802,0.0,0.0,0.0,0.0,0.0,0.0,0.0,0.0,0.0,0.0,0.0
1803,0.0,0.0,0.0,0.0,0.0,0.0,0.0,0.0,0.0,0.0,0.0
1804,0.0,0.0,0.0,0.0,0.0,0.0,0.0,0.0,0.0,0.0,0.0
1805,0.0,0.0,0.0,0.0,0.0,0.0,0.0,0.0,0.0,0.0,0.0
1806,0.0,0.0,0.0,0.0,0.0,0.0,0.0,0.0,0.0,0.0,0.0
1807,0.0,0.0,0.0,0.0,0.0,0.0,0.0,0.0,0.0,0.0,0.0
1808,0.0,0.0,0.0,0.0,0.0,0.0,0.0,0.0,0.0,0.0,0.0
1809,0.0,0.0,0.0,0.0,0.0,0.0,0.0,0.0,0.0,0.0,0.0
1810,0.0,0.0,0.0,0.0,0.0,0.0,0.0,0.0,0.0,0.0,0.0
1811,0.0,0.0,0.0,0.0,0.0,0.0,0.0,0.0,0.0,0.0,0.0
1812,0.0,0.0,0.0,0.0,0.0,0.0,0.0,0.0,0.0,0.0,0.0
1813,0.0,0.0,0.0,0.0,0.0,0.0,0.0,0.0,0.0,0.0,0.0
1814,0.0,0.0,0.0,0.0,0.0,0.0,0.0,0.0,0.0,0.0,0.0
1815,0.0,0.0,0.0,0.0,0.0,0.0,0.0,0.0,0.0,0.0,0.0
1816,0.0,0.0,0.0,0.0,0.0,0.0,0.0,0.0,0.0,0.0,0.0
1817,0.0,0.0,0.0,0.0,0.0,0.0,0.0,0.0,0.0,0.0,0.0
1818,0.0,0.0,0.0,0.0,0.0,0.0,0.0,0.0,0.0,0.0,0.0
1819,0.0,0.0,0.0,0.0,0.0,0.0,0.0,0.0,0.0,0.0,0.0
1820,0.0,0.0,0.0,0.0,0.0,0.0,0.0,0.0,0.0,0.0,0.0
1821,0.0,0.0,0.0,0.0,0.0,0.0,0.0,0.0,0.0,0.0,0.0
1822,0.0,0.0,0.0,0.0,0.0,0.0,0.0,0.0,0.0,0.0,0.0
1823,0.0,0.0,0.0,0.0,0.0,0.0,0.0,0.0,0.0,0.0,0.0
1824,0.0,0.0,0.0,0.0,0.0,0.0,0.0,0.0,0.0,0.0,0.0
1825,0.0,0.0,0.0,0.0,0.0,0.0,0.0,0.0,0.0,0.0,0.0
1826,0.0,0.0,0.0,0.0,0.0,0.0,0.0,0.0,0.0,0.0,0.0
